   85
B9FU30_ORYSJ_284472	B9FU30_ORYSJ_8491024	Q5Z6I4_ORYSJ_261445	Q5Z6I4_ORYSJ_8571036	D0NKW7_PHYIT_491663	D0NKW7_PHYIT_696864	Q22US2_TETTS_9321154	Q22US2_TETTS_12111402	Q22US2_TETTS_14441649	B9G1J5_ORYSJ_289475	B9G1J5_ORYSJ_8981071	C2GR1_ARATH_236423	C2GR1_ARATH_8441019	A9TQ08_PHYPA_235415	A9TQ08_PHYPA_8261012	C2GR2_ARATH_238426	C2GR2_ARATH_8491023	B9F3V9_ORYSJ_332515	B9F3V9_ORYSJ_8991075	A9SDA2_PHYPA_232412	A9SDA2_PHYPA_8171004	A9TQF1_PHYPA_224401	A9TQF1_PHYPA_8201003	Q7XKT6_ORYSJ_248436	Q7XKT6_ORYSJ_8591033	YSP2_YEAST_8411021	YSP2_YEAST_10461230	A9RSX7_PHYPA_212394	A9RSX7_PHYPA_807992	F4HVW5_ARATH_257449	YHO0_YEAST_751934	YHO0_YEAST_9571143	B9G4K6_ORYSJ_394582	GRM1B_HUMAN_55233	GRM1B_HUMAN_321502	GRM1B_MOUSE_321502	GRM1C_HUMAN_107289	GRM1C_HUMAN_312494	B3KUR5_HUMAN_45223	GRM1C_MOUSE_107289	Q8W4D4_ARATH_391576	I7M7X5_TETTS_10131226	I7M7X5_TETTS_13071507	Q2MGF5_CAEEL_57244	J3KR86_HUMAN_127303	Q55FU7_DICDI_479662	GRM1A_MOUSE_365539	C4M0I0_ENTHI_201371	C4M0I0_ENTHI_381531	B3KQF7_HUMAN_127303	Q8MRR1_DROME_41220	Q86AF7_DICDI_286471	D0MXP9_PHYIT_9571148	Q8MKJ8_DROME_144324	D0NMG0_PHYIT_279489	B8C8I7_THAPS_81294	Q22XZ6_TETTS_144333	Q4P940_USTMA_8271016	B9F0Z0_ORYSJ_387537	B8BQ30_THAPS_365549	V5IMN0_NEUCR_493676	B9G4T6_ORYSJ_322427	Q55CZ7_DICDI_2179	F8WJ74_MOUSE_365496	Q86AF6_DICDI_540708	B8CDL4_THAPS_224415	D0NJ57_PHYIT_385538	YL072_YEAST_390578	B8C2T9_THAPS_86910	Q4QEC5_LEIMA_378547	B8CDL2_THAPS_184373	Q4QEC6_LEIMA_54221	Q8VZF8_ARATH_257370	Q4Q507_LEIMA_35214	C4LUM2_ENTHI_46249	I7MCY9_TETTS_788993	Q5BB65_EMENI_8531030	YFE2_YEAST_402586	B8BUE2_THAPS_254437	Q23QL2_TETTS_311513	Q7RWT3_NEUCR_9451126	D0NHH4_PHYIT_394641	Q6K8R7_ORYSJ_365458	B8LDM5_THAPS_9291109	I7M5W4_TETTS_346560
  0.000000  2.906799  0.588732  2.960321  2.499616  2.451634  3.240332  2.907319  2.535038  0.490415  2.884692  0.640100  2.905678  0.979271  2.304175  0.750370  2.884989  0.274106  3.143848  0.965653  2.531737  1.056371  2.480664  0.741692  2.998548  2.033440  2.076295  1.027556  2.714327  2.445246  2.236112  2.472446  2.861498  2.021397  2.021397  1.997075  1.923625  1.923625  1.923625  1.951954  2.579242  2.348533  2.214069  1.957013  1.892535  2.107636  1.839667  2.631239  3.213590  1.909683  2.053376  1.932441  1.969482  2.055496  2.374887  2.421822  2.972591  1.874743  3.514255  2.281218  2.447553  2.460279  2.826732  1.832989  1.895288  2.845967  2.645754  1.841315  3.390346  2.324171  2.552241  2.340535  2.697133  2.757701  2.112536  2.566587  2.707381  1.730846  2.277539  3.018542  2.547542  2.548482  4.032998  2.717745  3.003549
  2.906799  0.000000  3.062754  0.665480  2.741646  2.545019  3.141916  2.262053  2.499517  3.152419  0.669207  3.014726  0.833263  2.555630  1.194045  3.095315  1.210290  3.101525  0.421565  2.854916  1.370932  2.906750  1.281226  2.735326  1.178524  3.299485  2.478719  3.315864  1.393905  2.679841  3.472592  3.030918  2.435332  2.917211  2.917211  3.032803  2.624152  2.624152  2.624152  2.649488  2.791661  3.562395  3.163118  2.659344  3.094540  2.599986  3.101240  3.518789  3.579488  3.048491  3.128009  2.965207  2.174688  2.496278  2.111861  2.585627  3.359734  3.083347  3.505652  2.757811  2.908938  3.234586  3.041149  2.988125  3.669997  2.285659  2.390499  3.195928  2.284153  3.389084  2.359189  3.404988  2.887322  3.299792  2.952659  2.898278  3.531517  3.802778  3.232196  3.585566  2.985390  3.826637  4.438580  3.513827  3.148569
  0.588732  3.062754  0.000000  3.782758  2.614788  2.636598  3.687147  2.990505  2.786426  0.492603  3.157709  0.388315  3.677265  0.827010  2.568341  0.739313  3.138590  0.594064  3.770454  0.867591  2.567481  0.862865  2.580794  0.800693  2.966758  2.165925  2.188889  0.927061  3.348812  2.688331  2.363691  2.523853  2.963802  1.777671  1.777671  1.772514  1.777667  1.777667  1.777667  1.882067  2.859635  2.819197  2.630064  1.996814  1.948938  2.124990  1.895543  2.680745  3.614617  1.966167  1.899125  2.333220  2.088501  1.867580  2.479611  2.499007  2.930949  1.544777  3.742694  2.292948  2.544817  3.009587  2.600709  1.925193  2.113321  3.300254  2.787892  2.031662  2.591067  2.404507  2.579053  2.259283  3.126651  2.981149  1.923632  3.188734  2.801506  1.710929  2.454816  3.453424  2.798929  2.685649  3.577104  2.650344  3.058207
  2.960321  0.665480  3.782758  0.000000  2.919383  2.494510  3.073629  2.537504  2.809269  3.105868  0.678321  3.407425  0.597451  2.651365  1.223962  3.216910  1.201460  3.292575  0.768282  2.916144  1.363799  2.806004  1.280277  2.469681  1.198506  3.031463  2.401029  3.166504  1.598450  2.713421  3.047036  2.782923  2.409770  2.821512  2.821512  2.943810  2.946615  2.946615  2.946615  2.835282  2.539065  3.232948  2.954557  2.704503  2.880423  2.328588  2.881250  3.645377  3.643490  2.868357  3.138462  2.985464  2.229858  2.680459  2.461276  2.615134  3.222782  3.199563  2.726739  2.633546  2.995914  2.786233  3.131053  2.859613  3.662539  2.456362  2.264103  3.122336  2.424630  3.359957  2.661862  3.299226  3.038076  3.423724  2.632504  2.737130  3.285179  3.420567  3.100190  3.419162  2.577733  3.720600  3.560423  3.366062  4.057666
  2.499616  2.741646  2.614788  2.919383  0.000000  0.895383  3.116315  3.140574  3.228041  2.900942  3.057073  2.656137  2.769929  2.555852  2.314138  2.285730  2.869834  2.792997  2.976352  3.036004  2.482852  3.015550  2.405592  2.499769  3.430221  2.798920  2.482330  2.882706  2.617440  2.049937  2.903473  3.509551  1.802893  2.981649  2.981649  2.888770  2.810422  2.810422  2.810422  2.782417  2.050049  3.273993  2.880411  2.604499  3.092168  1.811284  2.931988  2.289912  2.265259  3.134057  2.634127  2.220761  2.351483  2.939908  2.639085  2.174541  2.451162  2.551946  2.602138  2.306705  2.715094  2.311371  2.613873  2.884063  2.277120  2.516896  1.976507  3.528028  2.503330  2.131957  2.460525  2.177330  2.466356  2.940228  2.395375  2.838455  3.453344  3.115813  2.330965  3.993741  3.233893  2.292160  2.167229  2.592731  3.939070
  2.451634  2.545019  2.636598  2.494510  0.895383  0.000000  3.444328  2.819092  2.535069  2.642771  2.523483  2.895450  2.173245  2.659535  1.995315  2.284952  2.669135  2.560871  2.730554  2.718733  2.106233  2.896668  2.142350  2.495768  3.132002  2.506632  2.405739  3.271099  2.472043  2.104428  2.352737  3.484854  2.147680  3.029192  3.029192  2.991268  3.023794  3.023794  3.023794  2.925452  1.975554  3.065670  2.885063  2.416611  2.965412  1.803485  2.978268  2.698630  2.390015  3.002804  2.744316  2.142619  2.315504  2.960109  2.710271  2.357675  2.566119  3.352848  1.994363  3.056251  3.635032  2.025821  3.260748  3.151742  2.132168  2.530465  2.248329  2.994029  2.895146  2.331934  2.302828  2.360898  2.659502  3.257492  2.234081  3.196851  4.137033  3.481822  2.550750  3.013643  2.596345  2.251874  1.847848  2.951291  3.074108
  3.240332  3.141916  3.687147  3.073629  3.116315  3.444328  0.000000  1.785731  1.902968  3.378347  2.969889  3.363659  3.394264  3.048777  3.079395  3.981261  3.515040  3.642803  3.218993  2.918967  3.354727  3.104170  2.887219  3.665727  4.437589  3.976892  2.940303  3.719737  2.998266  2.967751  3.588673  3.875843  2.463880  2.689740  2.689740  2.638680  3.192264  3.192264  3.192264  3.042018  2.755306  2.435702  2.190826  2.295833  2.676064  2.393584  2.621327  2.910282  4.546598  2.723616  2.739649  2.924096  2.988289  2.600989  2.834087  2.640317  3.988053  3.665258  3.376007  3.039951  3.642633  2.971149  3.109418  2.629203  3.499688  2.146469  4.455668  3.399485  3.028400  2.672653  2.498653  2.753784  2.592091  3.192918  3.686537  2.130798  3.749815  4.188983  2.553796  2.292895  2.710038  3.662296  3.260837  3.783269  2.792768
  2.907319  2.262053  2.990505  2.537504  3.140574  2.819092  1.785731  0.000000  0.656312  3.285956  2.505023  3.052538  2.592487  2.700030  2.699992  3.268961  2.385183  2.808748  2.447450  2.524737  3.213991  2.312830  2.947514  3.021846  3.566011  2.909464  2.376871  3.295079  2.832831  2.605436  2.938689  3.113431  2.873320  2.939116  2.939116  2.957711  3.566925  3.566925  3.566925  3.348455  2.620734  1.795050  1.655544  2.510515  3.360511  2.124581  3.358821  2.608209  3.519239  3.291312  2.760468  2.865303  2.430817  2.849860  2.817928  2.782729  3.122700  3.203748  2.626282  3.553700  3.155981  2.959677  2.780260  3.130911  2.932210  2.570280  3.303094  2.592880  2.821048  2.552697  2.810048  2.576317  2.545349  2.807109  3.426946  1.924923  3.011708  3.859077  2.803546  1.933045  3.304740  3.119858  2.925832  3.890313  2.127121
  2.535038  2.499517  2.786426  2.809269  3.228041  2.535069  1.902968  0.656312  0.000000  2.619865  2.517238  3.038937  3.067245  2.684957  2.687641  3.179088  2.851991  2.652677  2.818593  2.875984  3.042772  2.642763  2.632688  2.847634  3.667614  2.597941  2.231953  3.166054  2.918900  2.325300  2.525707  2.679271  3.034361  2.906558  2.906558  3.028967  3.476074  3.476074  3.476074  3.288555  2.803334  1.580574  1.730469  2.502507  3.137810  2.113278  3.054361  2.836168  3.436185  3.187703  2.559232  2.782055  2.509206  2.419573  2.377500  2.632610  4.052827  2.765242  4.272495  3.029272  3.114680  2.579128  2.403407  2.629029  3.115609  2.474143  3.311215  2.567703  2.705087  2.639498  2.873133  2.621157  2.389818  3.115998  3.962760  1.920382  2.750043  3.591010  3.342458  2.101695  3.364378  3.982728  5.344182  5.009889  2.118047
  0.490415  3.152419  0.492603  3.105868  2.900942  2.642771  3.378347  3.285956  2.619865  0.000000  3.047833  0.557284  3.100733  1.032924  2.518933  0.650991  3.007916  0.519890  3.191487  1.014210  2.682760  1.093299  2.720709  0.889638  2.946718  2.306586  2.056289  0.926634  3.408670  2.745314  2.385746  2.280716  3.287972  1.823763  1.823763  1.854308  1.841781  1.841781  1.841781  1.848344  2.798133  2.431226  2.799503  2.158909  1.889319  2.139395  1.837512  2.870086  2.985412  1.906135  1.982509  2.211197  2.026117  1.826037  2.440252  2.921377  2.659954  1.827220  3.430566  2.198268  2.273228  2.751737  2.363665  1.809550  2.164569  3.076621  2.717749  1.852454  2.863195  2.407429  2.589994  2.395515  3.294677  2.697847  1.828025  2.992577  2.476071  1.698500  2.380198  3.229115  2.733654  2.656209  4.478486  2.615181  2.914299
  2.884692  0.669207  3.157709  0.678321  3.057073  2.523483  2.969889  2.505023  2.517238  3.047833  0.000000  3.067666  0.805259  2.700320  1.223880  2.923917  0.970714  3.266060  0.801734  3.096162  1.428946  2.814098  1.267398  2.514748  1.155115  2.661224  2.122232  3.299383  1.501200  2.381058  2.716844  2.562955  2.180082  2.595824  2.595824  2.640667  2.792579  2.792579  2.792579  2.795017  2.358402  2.763431  2.838181  2.360889  2.578495  2.208395  2.595199  3.685507  3.042662  2.568762  2.813264  2.561580  2.033027  2.577100  2.320411  2.534317  3.364915  2.933621  2.676749  2.624390  2.573109  2.529058  3.188657  2.644385  2.925089  2.338109  2.561205  2.878380  2.219890  3.163512  2.830971  3.262646  2.660172  3.400211  2.677383  2.972238  2.918009  3.177686  2.756370  2.836462  2.662309  3.603609  3.023903  3.375474  3.575201
  0.640100  3.014726  0.388315  3.407425  2.656137  2.895450  3.363659  3.052538  3.038937  0.557284  3.067666  0.000000  3.224364  0.675852  2.336863  0.602769  3.107830  0.629366  3.638254  0.904285  2.498764  0.838607  2.540850  0.750266  2.926482  2.148679  2.236263  0.817204  3.027097  2.471598  2.147864  2.535339  2.627254  1.720299  1.720299  1.746071  1.708477  1.708477  1.708477  1.760145  2.640191  2.624985  2.560179  1.827004  1.866207  2.027781  1.826356  2.375589  3.173237  1.882052  1.804060  2.131222  2.033522  1.828655  2.242716  2.182071  2.498135  1.795331  3.618646  2.202820  2.468345  2.482468  2.336417  1.862161  2.162027  2.527661  2.583780  1.967304  2.445877  2.296350  2.470664  2.301459  2.675910  2.677913  1.932975  2.613958  2.677763  1.632536  2.202185  3.001998  2.281941  3.003301  3.636939  2.245056  3.085212
  2.905678  0.833263  3.677265  0.597451  2.769929  2.173245  3.394264  2.592487  3.067245  3.100733  0.805259  3.224364  0.000000  2.890540  1.306223  2.836880  0.992919  3.090303  0.879982  3.350193  1.357490  3.195741  1.317997  2.558768  1.106871  3.104175  2.620504  3.225345  1.495595  2.883516  3.044711  3.128097  2.415052  2.549861  2.549861  2.651699  2.861663  2.861663  2.861663  2.884733  2.459944  3.271427  3.063691  2.439481  3.002183  2.627429  3.008767  3.802993  3.534105  2.987754  2.859998  3.327498  2.213422  2.670283  2.533101  2.620133  2.911493  3.476667  2.604963  3.066211  3.524186  2.703356  3.475581  3.049570  3.610540  2.993110  2.416406  3.261998  3.050392  3.330286  2.899461  3.336682  3.043680  3.670546  3.057127  2.797320  3.689908  3.594880  2.950415  3.216168  2.714945  3.446235  2.608294  3.786142  4.070569
  0.979271  2.555630  0.827010  2.651365  2.555852  2.659535  3.048777  2.700030  2.684957  1.032924  2.700320  0.675852  2.890540  0.000000  2.695974  0.881010  2.884840  1.006921  3.031051  0.380113  2.801341  0.358898  2.973056  0.961523  2.985029  2.363624  2.235514  0.623377  2.970546  2.333869  2.224181  2.545839  2.466763  1.915457  1.915457  1.925570  1.734047  1.734047  1.734047  1.828489  2.355274  2.805506  2.659934  1.867943  1.784034  2.013627  1.745138  2.503718  3.472988  1.762514  1.776901  2.006237  1.963450  1.602156  1.944320  2.490603  2.585669  1.963633  3.098014  2.224851  2.411473  2.222836  2.870986  1.735756  1.868616  2.650523  2.361101  2.420897  2.714493  2.750117  2.434819  2.695947  2.493284  2.850770  2.109471  2.699327  2.710171  1.834062  2.408127  3.769627  2.486550  2.669909  3.135955  2.134156  3.108211
  2.304175  1.194045  2.568341  1.223962  2.314138  1.995315  3.079395  2.699992  2.687641  2.518933  1.223880  2.336863  1.306223  2.695974  0.000000  2.735498  1.307037  2.809522  1.125158  3.225729  0.305331  2.908265  0.283201  2.358845  1.242428  2.639652  2.024249  2.708143  0.696669  2.355969  2.383874  2.440910  1.884559  2.209778  2.209778  2.287110  2.521143  2.521143  2.521143  2.518069  1.975113  3.053019  3.000248  2.343229  2.458163  2.232922  2.418371  3.188627  3.080417  2.449852  2.510295  2.863761  2.172804  2.421917  2.380012  2.162707  2.369499  2.376870  2.052225  3.154310  2.992505  2.300605  3.031833  2.608510  2.977590  2.438824  2.173564  2.659789  2.416476  3.123508  2.495694  3.252032  3.075652  3.132281  2.327714  3.295606  3.239565  3.326842  2.597931  2.791358  2.534109  2.852836  2.141187  2.354100  3.110933
  0.750370  3.095315  0.739313  3.216910  2.285730  2.284952  3.981261  3.268961  3.179088  0.650991  2.923917  0.602769  2.836880  0.881010  2.735498  0.000000  3.128727  0.733587  3.252420  0.909818  2.840679  1.055182  2.906469  0.837370  2.941926  2.507086  2.163273  1.009051  3.310417  2.384853  2.258048  2.860828  2.489192  1.621328  1.621328  1.683120  1.856574  1.856574  1.856574  1.975848  2.528822  2.454223  2.503427  1.917989  1.952784  1.963190  1.899560  2.297530  2.946493  1.969941  1.886193  2.142473  2.013251  1.961313  2.315387  2.521985  2.629287  1.757105  3.195098  2.312284  2.327485  2.323091  2.592105  2.094473  2.197733  3.048620  2.430697  2.209550  2.750636  2.551138  2.678555  2.516501  2.704034  2.699309  1.819323  2.800338  2.413243  1.861926  2.369008  3.393018  2.711637  2.852128  3.474478  2.349726  3.150789
  2.884989  1.210290  3.138590  1.201460  2.869834  2.669135  3.515040  2.385183  2.851991  3.007916  0.970714  3.107830  0.992919  2.884840  1.307037  3.128727  0.000000  3.141139  1.251086  2.904397  1.379948  2.976923  1.304426  2.761199  1.034686  3.369793  2.319497  3.274567  1.549057  2.701497  3.315831  3.106967  2.531665  2.706560  2.706560  2.809803  3.108860  3.108860  3.108860  3.106252  2.384917  3.107657  3.385489  2.782739  3.000452  2.493132  3.008619  4.002897  4.838352  2.987074  2.885447  2.796334  2.243121  2.952944  2.678449  2.292863  3.432127  3.261554  2.858995  3.079431  3.414917  2.794810  3.805625  3.055868  2.966817  3.155466  2.307520  3.637940  2.259910  3.462000  3.009911  3.658220  3.079658  3.522910  2.602528  3.783930  3.771162  4.354466  3.670002  3.778496  3.123034  4.054873  3.114306  3.667459  4.617542
  0.274106  3.101525  0.594064  3.292575  2.792997  2.560871  3.642803  2.808748  2.652677  0.519890  3.266060  0.629366  3.090303  1.006921  2.809522  0.733587  3.141139  0.000000  3.651926  0.890851  2.953428  1.070138  2.954488  0.801408  3.303840  2.087764  2.138517  0.994597  3.144753  2.459083  2.103182  2.549226  3.013684  2.164642  2.164642  2.139160  1.994584  1.994584  1.994584  2.044347  2.750187  2.626503  2.606796  2.144980  2.067154  2.094081  2.011520  2.565691  3.066216  2.085129  2.126472  1.947081  1.906708  1.989384  2.501472  2.880450  2.962424  1.818031  3.577611  2.418728  2.454865  2.410712  2.646639  1.897518  2.003088  2.997760  2.702382  1.831749  3.118368  2.524648  2.507507  2.509307  2.968500  2.867156  2.207862  2.473077  2.851722  1.818028  2.127968  3.237695  2.621285  2.364672  4.483029  2.955227  3.125597
  3.143848  0.421565  3.770454  0.768282  2.976352  2.730554  3.218993  2.447450  2.818593  3.191487  0.801734  3.638254  0.879982  3.031051  1.125158  3.252420  1.251086  3.651926  0.000000  3.100436  1.432969  3.240430  1.238797  3.226251  1.238102  3.638136  2.861109  3.831278  1.649023  2.718826  3.876414  3.458262  2.990687  2.619575  2.619575  2.746170  2.746273  2.746273  2.746273  2.971485  3.157683  3.167510  3.012888  2.861144  2.872847  2.922790  2.879837  3.896550  3.465352  2.859677  3.352091  3.341081  2.348323  2.877224  2.509325  2.791613  3.396902  3.674390  3.622447  3.177980  3.366160  3.552165  3.528228  2.818379  3.642902  2.392977  2.429120  3.459258  2.605123  4.105589  2.858732  4.198129  2.859743  3.364963  3.087222  2.966909  4.076297  4.098924  3.238215  3.548348  2.744593  4.472687  4.859123  3.698826  3.338108
  0.965653  2.854916  0.867591  2.916144  3.036004  2.718733  2.918967  2.524737  2.875984  1.014210  3.096162  0.904285  3.350193  0.380113  3.225729  0.909818  2.904397  0.890851  3.100436  0.000000  3.140780  0.301603  3.019918  1.032010  3.775616  2.206928  2.221405  0.743222  3.793561  2.747255  2.268509  2.489811  2.847423  2.178664  2.178664  2.138563  2.301132  2.301132  2.301132  2.344702  2.733745  2.758299  2.752559  2.149979  2.083822  2.214172  2.029627  2.566401  3.807985  2.058344  1.950004  2.082906  2.192447  1.760816  2.203738  2.852895  2.830131  1.888967  3.428348  2.386675  2.518401  2.709411  2.588054  2.169213  1.768227  2.811692  2.469556  2.472849  2.915415  2.676625  2.790089  2.657088  2.791405  2.655414  2.204382  2.981209  2.549454  1.932465  2.510612  4.042868  2.510731  2.887376  3.555099  2.314141  3.093920
  2.531737  1.370932  2.567481  1.363799  2.482852  2.106233  3.354727  3.213991  3.042772  2.682760  1.428946  2.498764  1.357490  2.801341  0.305331  2.840679  1.379948  2.953428  1.432969  3.140780  0.000000  2.979777  0.167540  2.320876  1.185574  2.890965  2.247705  2.482305  0.733090  2.577723  2.592838  2.626086  2.059681  2.342130  2.342130  2.425709  2.520969  2.520969  2.520969  2.514536  2.093134  4.303977  3.606971  2.411670  2.428418  2.362622  2.391136  3.552062  3.241351  2.399448  2.830106  3.118308  2.315995  2.831262  2.529281  2.472197  2.645179  2.565123  2.279281  2.910081  3.228576  2.568151  3.288450  2.510864  3.267526  2.162751  2.143855  2.964307  2.403236  3.379371  2.304749  3.516731  3.236783  3.439368  2.485492  3.711618  3.605546  3.296995  2.950185  3.320277  2.718348  2.889493  2.598893  2.642265  3.700827
  1.056371  2.906750  0.862865  2.806004  3.015550  2.896668  3.104170  2.312830  2.642763  1.093299  2.814098  0.838607  3.195741  0.358898  2.908265  1.055182  2.976923  1.070138  3.240430  0.301603  2.979777  0.000000  2.927911  1.006658  3.345241  2.326749  2.181402  0.741936  3.225845  2.548082  2.387498  2.527795  2.669525  2.100209  2.100209  2.072957  2.110937  2.110937  2.110937  2.125596  2.565714  2.623126  2.668760  1.874407  2.119428  2.115284  2.102193  2.688190  3.888331  2.093939  2.050240  2.108725  2.240656  1.820502  2.158070  2.789474  3.070628  2.066008  3.144023  2.433037  2.428760  2.499302  2.749873  2.194677  1.969956  2.949993  2.629153  2.790710  3.091395  2.723541  3.008227  2.666715  2.634568  2.999168  1.985136  2.925939  2.784235  1.850855  2.668865  3.476000  2.751672  3.088819  2.964427  2.238972  2.954594
  2.480664  1.281226  2.580794  1.280277  2.405592  2.142350  2.887219  2.947514  2.632688  2.720709  1.267398  2.540850  1.317997  2.973056  0.283201  2.906469  1.304426  2.954488  1.238797  3.019918  0.167540  2.927911  0.000000  2.607865  1.341448  2.706016  2.040095  2.788262  0.753427  2.400120  2.376639  2.473470  2.109950  2.280768  2.280768  2.357468  2.578515  2.578515  2.578515  2.564022  2.132161  3.765869  3.277102  2.463965  2.609709  2.337740  2.568525  3.462608  3.325087  2.600713  2.664557  3.148653  2.322953  2.689425  2.462037  2.345388  2.531252  2.721584  2.311849  2.887711  3.046772  2.385860  2.816653  2.595690  3.033135  2.136906  2.150291  3.331399  2.639471  3.021080  2.517173  3.141159  2.932321  3.083319  2.502619  3.465305  3.372700  3.558623  2.823348  3.330201  2.486542  2.987474  2.502517  2.666028  3.472579
  0.741692  2.735326  0.800693  2.469681  2.499769  2.495768  3.665727  3.021846  2.847634  0.889638  2.514748  0.750266  2.558768  0.961523  2.358845  0.837370  2.761199  0.801408  3.226251  1.032010  2.320876  1.006658  2.607865  0.000000  2.561760  1.977069  1.975864  0.947654  2.625049  2.541774  2.176447  2.475385  2.657384  1.768083  1.768083  1.779619  1.940143  1.940143  1.940143  2.040801  2.357876  2.765670  2.691120  2.013188  2.168281  1.961997  2.117867  2.503235  3.851628  2.187538  2.115106  2.068304  2.137587  1.967548  1.950819  2.330870  2.446511  1.532652  3.275636  2.212785  2.480143  2.371671  2.622745  2.241064  2.425511  3.603080  2.583053  1.996983  2.926651  2.417657  2.896317  2.541304  2.598377  2.912174  2.008236  2.359615  2.457482  1.975600  2.572888  2.452166  2.538993  2.708040  3.174984  2.192106  3.232448
  2.998548  1.178524  2.966758  1.198506  3.430221  3.132002  4.437589  3.566011  3.667614  2.946718  1.155115  2.926482  1.106871  2.985029  1.242428  2.941926  1.034686  3.303840  1.238102  3.775616  1.185574  3.345241  1.341448  2.561760  0.000000  3.266514  2.603567  3.196000  1.436009  3.483159  3.238623  3.419981  2.582168  2.879386  2.879386  3.009450  3.007801  3.007801  3.007801  3.024379  2.740949  3.917254  3.992518  3.152127  2.868883  2.987591  2.887816  4.045965  4.623968  2.826684  3.437673  3.714244  2.848738  2.884861  3.258145  2.818929  3.713546  2.953483  3.041515  3.198876  3.113641  4.453607  4.020006  2.798797  4.911353  2.838698  2.829818  3.231884  2.736546  3.749860  2.779922  3.893615  4.377098  4.115091  3.023318  4.163249  3.613255  4.008728  4.195621  4.944489  2.608769  3.837955  4.399958  3.262565  4.656233
  2.033440  3.299485  2.165925  3.031463  2.798920  2.506632  3.976892  2.909464  2.597941  2.306586  2.661224  2.148679  3.104175  2.363624  2.639652  2.507086  3.369793  2.087764  3.638136  2.206928  2.890965  2.326749  2.706016  1.977069  3.266514  0.000000  0.808949  2.140832  2.854820  2.359021  0.540455  0.943678  3.218870  2.500175  2.500175  2.478334  2.349229  2.349229  2.349229  2.248104  2.900516  3.043192  2.451098  2.026217  2.459922  2.153035  2.394880  2.983682  2.443984  2.545248  2.333430  3.014887  2.824906  2.453084  2.896658  3.169453  2.990589  1.331548  5.489700  2.801783  1.067279  2.335562  3.005258  2.651378  2.956938  4.059433  2.802311  1.330285  3.940525  2.973875  3.565399  3.017724  2.688929  3.094052  3.035034  2.921243  1.134659  1.404031  3.768896  3.186628  2.130403  2.997490  5.183913  2.729672  3.106511
  2.076295  2.478719  2.188889  2.401029  2.482330  2.405739  2.940303  2.376871  2.231953  2.056289  2.122232  2.236263  2.620504  2.235514  2.024249  2.163273  2.319497  2.138517  2.861109  2.221405  2.247705  2.181402  2.040095  1.975864  2.603567  0.808949  0.000000  2.097235  2.034300  2.494609  0.859690  0.596009  2.466882  2.194988  2.194988  2.153965  1.939740  1.939740  1.939740  2.008020  2.231483  2.706055  2.345053  2.105846  2.520495  2.024311  2.458335  2.534654  2.233374  2.563636  2.216499  2.679385  2.271261  2.516377  2.543500  2.657519  2.827406  1.229890  3.268799  2.623241  1.093056  2.430222  2.708421  2.540393  2.694399  2.947146  2.280234  1.255096  2.861837  2.595108  2.789137  2.608319  2.626964  2.656909  2.433975  3.074167  1.055689  1.311988  3.132534  2.656482  2.103037  2.835678  3.500240  2.757898  2.504451
  1.027556  3.315864  0.927061  3.166504  2.882706  3.271099  3.719737  3.295079  3.166054  0.926634  3.299383  0.817204  3.225345  0.623377  2.708143  1.009051  3.274567  0.994597  3.831278  0.743222  2.482305  0.741936  2.788262  0.947654  3.196000  2.140832  2.097235  0.000000  3.660734  2.696460  1.940623  2.328135  2.869260  1.896491  1.896491  1.910965  2.137336  2.137336  2.137336  2.140454  2.750916  3.032765  3.099722  2.186834  2.023968  2.291652  1.990483  2.373931  3.393743  2.042871  2.214807  2.201815  2.030198  2.036379  2.234057  2.781492  2.601474  1.664023  3.740476  2.642663  2.418091  2.046404  2.567270  2.084930  2.293925  3.048155  2.758538  2.192037  2.912121  2.223002  2.379564  2.269542  3.383331  2.767099  2.337213  3.195358  2.526386  1.578203  3.084667  4.167994  2.564438  2.547638  4.158891  2.444305  3.486398
  2.714327  1.393905  3.348812  1.598450  2.617440  2.472043  2.998266  2.832831  2.918900  3.408670  1.501200  3.027097  1.495595  2.970546  0.696669  3.310417  1.549057  3.144753  1.649023  3.793561  0.733090  3.225845  0.753427  2.625049  1.436009  2.854820  2.034300  3.660734  0.000000  2.793442  2.498238  2.903293  1.810773  2.861468  2.861468  2.960188  2.993693  2.993693  2.993693  2.977395  1.990244  4.263360  3.994169  2.414455  3.011953  2.338435  2.979133  3.015299  2.605663  2.989262  3.134583  3.271456  2.571722  2.639259  2.584748  2.481667  2.621348  2.647756  2.127369  3.445471  3.669813  2.563592  3.694293  2.938664  3.525988  2.390197  2.400073  2.817542  2.758566  3.188845  2.531936  3.239861  2.929619  3.196790  2.565635  3.717355  3.343381  4.004558  3.281915  3.305878  2.714413  2.860635  2.290981  2.560021  4.500337
  2.445246  2.679841  2.688331  2.713421  2.049937  2.104428  2.967751  2.605436  2.325300  2.745314  2.381058  2.471598  2.883516  2.333869  2.355969  2.384853  2.701497  2.459083  2.718826  2.747255  2.577723  2.548082  2.400120  2.541774  3.483159  2.359021  2.494609  2.696460  2.793442  0.000000  2.731363  2.802260  1.962612  2.335739  2.335739  2.324413  2.427205  2.427205  2.427205  2.479363  2.110253  2.513302  2.159491  1.926733  2.288042  1.355826  2.351035  2.460445  2.117255  2.322146  2.190436  1.726087  1.980293  2.425689  1.578195  2.079485  1.709277  2.482865  2.290830  2.124043  3.186187  0.535020  2.266380  2.343743  2.189587  2.005683  1.842268  2.774638  2.377570  2.354569  2.620256  2.384680  0.075021  2.740028  1.735046  2.118414  3.019147  3.038092  2.037170  3.070907  2.572190  2.636895  2.055755  3.177362  3.391215
  2.236112  3.472592  2.363691  3.047036  2.903473  2.352737  3.588673  2.938689  2.525707  2.385746  2.716844  2.147864  3.044711  2.224181  2.383874  2.258048  3.315831  2.103182  3.876414  2.268509  2.592838  2.387498  2.376639  2.176447  3.238623  0.540455  0.859690  1.940623  2.498238  2.731363  0.000000  1.019564  3.224097  2.459150  2.459150  2.451669  2.532152  2.532152  2.532152  2.533800  2.784626  2.463429  2.510407  2.304589  2.444796  2.437337  2.386642  3.348892  3.267935  2.485087  2.573530  3.751137  2.643697  2.668608  3.059669  2.928074  3.957063  1.303858  5.402102  3.452857  1.197982  2.327328  3.190818  2.424417  3.184211  3.455085  3.294652  1.426174  3.994534  2.599792  3.485222  2.648726  3.234038  3.168301  3.130409  2.920965  1.105682  1.267544  3.164831  2.873178  2.142751  3.085668  7.058247  2.309329  2.806312
  2.472446  3.030918  2.523853  2.782923  3.509551  3.484854  3.875843  3.113431  2.679271  2.280716  2.562955  2.535339  3.128097  2.545839  2.440910  2.860828  3.106967  2.549226  3.458262  2.489811  2.626086  2.527795  2.473470  2.475385  3.419981  0.943678  0.596009  2.328135  2.903293  2.802260  1.019564  0.000000  3.109463  2.907401  2.907401  2.854137  2.484938  2.484938  2.484938  2.495799  2.717537  3.150742  2.912811  2.525992  2.831328  2.217184  2.732067  2.474887  2.393622  2.890042  2.716068  2.901861  2.273288  2.894722  2.850469  3.077418  2.849105  1.304522  4.226101  2.888781  1.132987  2.755158  2.842626  2.770912  2.646426  3.501867  2.377077  1.830767  4.009974  2.967898  4.053730  3.005916  3.154066  3.150639  2.936503  3.046432  1.101657  1.595148  3.847974  3.129384  2.192016  3.065050  4.442623  3.339111  3.471452
  2.861498  2.435332  2.963802  2.409770  1.802893  2.147680  2.463880  2.873320  3.034361  3.287972  2.180082  2.627254  2.415052  2.466763  1.884559  2.489192  2.531665  3.013684  2.990687  2.847423  2.059681  2.669525  2.109950  2.657384  2.582168  3.218870  2.466882  2.869260  1.810773  1.962612  3.224097  3.109463  0.000000  2.441463  2.441463  2.429171  2.308947  2.308947  2.308947  2.304270  0.487882  3.004486  2.762367  2.228143  2.606209  1.803550  2.504277  2.358552  2.508069  2.672068  2.013419  2.608387  2.437707  2.546990  2.487133  1.775684  2.499728  2.411463  0.825112  2.346470  3.189799  2.333669  2.924131  2.365156  2.880299  2.497986  2.374229  2.630669  2.113770  2.468700  2.548677  2.346578  1.910440  2.218887  2.067588  3.222123  3.384474  3.226565  2.874502  3.760129  2.311720  3.060264  1.108990  2.886131  3.758430
  2.021397  2.917211  1.777671  2.821512  2.981649  3.029192  2.689740  2.939116  2.906558  1.823763  2.595824  1.720299  2.549861  1.915457  2.209778  1.621328  2.706560  2.164642  2.619575  2.178664  2.342130  2.100209  2.280768  1.768083  2.879386  2.500175  2.194988  1.896491  2.861468  2.335739  2.459150  2.907401  2.441463  0.000000  0.000010  0.023900  0.583640  0.583640  0.583640  0.596157  2.675167  2.642591  2.727678  1.430891  0.651858  2.050966  0.645569  2.946339  2.912066  0.660217  1.292121  1.615138  2.327933  1.387130  2.439523  2.280902  2.602607  1.867351  3.553055  2.216966  2.479916  2.896663  2.341911  0.801379  2.427256  2.880485  2.145513  2.586979  2.735733  2.928459  3.180473  2.892774  2.331496  2.805159  2.555852  2.878913  2.674841  2.192910  2.719299  3.079159  2.039851  3.343333  2.792306  2.437657  3.001591
  2.021397  2.917211  1.777671  2.821512  2.981649  3.029192  2.689740  2.939116  2.906558  1.823763  2.595824  1.720299  2.549861  1.915457  2.209778  1.621328  2.706560  2.164642  2.619575  2.178664  2.342130  2.100209  2.280768  1.768083  2.879386  2.500175  2.194988  1.896491  2.861468  2.335739  2.459150  2.907401  2.441463  0.000010  0.000000  0.023900  0.583640  0.583640  0.583640  0.596157  2.675167  2.642591  2.727678  1.430891  0.651858  2.050966  0.645569  2.946339  2.912066  0.660217  1.292121  1.615138  2.327933  1.387130  2.439523  2.280902  2.602607  1.867351  3.553055  2.216966  2.479916  2.896663  2.341911  0.801379  2.427256  2.880485  2.145513  2.586979  2.735733  2.928459  3.180473  2.892774  2.331496  2.805159  2.555852  2.878913  2.674841  2.192910  2.719299  3.079159  2.039851  3.343333  2.792306  2.437657  3.001591
  1.997075  3.032803  1.772514  2.943810  2.888770  2.991268  2.638680  2.957711  3.028967  1.854308  2.640667  1.746071  2.651699  1.925570  2.287110  1.683120  2.809803  2.139160  2.746170  2.138563  2.425709  2.072957  2.357468  1.779619  3.009450  2.478334  2.153965  1.910965  2.960188  2.324413  2.451669  2.854137  2.429171  0.023900  0.023900  0.000000  0.597941  0.597941  0.597941  0.610498  2.688336  2.668052  2.668179  1.408793  0.660678  2.018683  0.654260  2.855395  3.047094  0.669151  1.287568  1.588671  2.354398  1.384790  2.443212  2.272153  2.602705  1.854518  3.464381  2.185985  2.408732  2.886919  2.331961  0.793785  2.359714  2.879862  2.094225  2.688099  2.705322  2.846684  3.141472  2.820097  2.287858  2.744616  2.544037  2.857579  2.614339  2.149697  2.646203  3.083005  1.976261  3.360864  2.693018  2.483396  2.905603
  1.923625  2.624152  1.777667  2.946615  2.810422  3.023794  3.192264  3.566925  3.476074  1.841781  2.792579  1.708477  2.861663  1.734047  2.521143  1.856574  3.108860  1.994584  2.746273  2.301132  2.520969  2.110937  2.578515  1.940143  3.007801  2.349229  1.939740  2.137336  2.993693  2.427205  2.532152  2.484938  2.308947  0.583640  0.583640  0.597941  0.000000  0.000010  0.000010  0.093354  2.611149  2.777669  2.382815  1.421281  0.698622  2.097564  0.691458  3.000238  2.951790  0.715265  1.455863  1.967631  2.415502  1.447421  2.381265  1.964840  2.896354  1.921296  3.418712  2.023623  2.207178  2.773540  2.363808  0.824823  2.343224  3.072318  2.119725  2.476350  2.855411  3.179473  3.242144  3.034475  2.627613  2.872616  2.344785  2.871832  2.465433  2.036502  2.809392  2.994392  2.360063  3.495629  2.703807  2.704678  3.072995
  1.923625  2.624152  1.777667  2.946615  2.810422  3.023794  3.192264  3.566925  3.476074  1.841781  2.792579  1.708477  2.861663  1.734047  2.521143  1.856574  3.108860  1.994584  2.746273  2.301132  2.520969  2.110937  2.578515  1.940143  3.007801  2.349229  1.939740  2.137336  2.993693  2.427205  2.532152  2.484938  2.308947  0.583640  0.583640  0.597941  0.000010  0.000000  0.000010  0.093354  2.611149  2.777669  2.382815  1.421281  0.698622  2.097564  0.691458  3.000238  2.951790  0.715265  1.455863  1.967631  2.415502  1.447421  2.381265  1.964840  2.896354  1.921296  3.418712  2.023623  2.207178  2.773540  2.363808  0.824823  2.343224  3.072318  2.119725  2.476350  2.855411  3.179473  3.242144  3.034475  2.627613  2.872616  2.344785  2.871832  2.465433  2.036502  2.809392  2.994392  2.360063  3.495629  2.703807  2.704678  3.072995
  1.923625  2.624152  1.777667  2.946615  2.810422  3.023794  3.192264  3.566925  3.476074  1.841781  2.792579  1.708477  2.861663  1.734047  2.521143  1.856574  3.108860  1.994584  2.746273  2.301132  2.520969  2.110937  2.578515  1.940143  3.007801  2.349229  1.939740  2.137336  2.993693  2.427205  2.532152  2.484938  2.308947  0.583640  0.583640  0.597941  0.000010  0.000010  0.000000  0.093354  2.611149  2.777669  2.382815  1.421281  0.698622  2.097564  0.691458  3.000238  2.951790  0.715265  1.455863  1.967631  2.415502  1.447421  2.381265  1.964840  2.896354  1.921296  3.418712  2.023623  2.207178  2.773540  2.363808  0.824823  2.343224  3.072318  2.119725  2.476350  2.855411  3.179473  3.242144  3.034475  2.627613  2.872616  2.344785  2.871832  2.465433  2.036502  2.809392  2.994392  2.360063  3.495629  2.703807  2.704678  3.072995
  1.951954  2.649488  1.882067  2.835282  2.782417  2.925452  3.042018  3.348455  3.288555  1.848344  2.795017  1.760145  2.884733  1.828489  2.518069  1.975848  3.106252  2.044347  2.971485  2.344702  2.514536  2.125596  2.564022  2.040801  3.024379  2.248104  2.008020  2.140454  2.977395  2.479363  2.533800  2.495799  2.304270  0.596157  0.596157  0.610498  0.093354  0.093354  0.093354  0.000000  2.624194  2.801212  2.361491  1.454081  0.675050  2.027075  0.668165  3.082095  3.175491  0.691531  1.474423  1.917223  2.523792  1.462622  2.377814  2.004496  2.939440  1.882719  3.191504  2.110191  2.394667  2.869226  2.432144  0.756703  2.395669  3.073640  2.342954  2.516694  2.846577  3.313329  3.284056  3.104803  2.463500  3.103216  2.300754  2.848364  2.618932  2.195999  3.000472  2.916192  2.386052  3.463059  2.666619  2.686594  3.071821
  2.579242  2.791661  2.859635  2.539065  2.050049  1.975554  2.755306  2.620734  2.803334  2.798133  2.358402  2.640191  2.459944  2.355274  1.975113  2.528822  2.384917  2.750187  3.157683  2.733745  2.093134  2.565714  2.132161  2.357876  2.740949  2.900516  2.231483  2.750916  1.990244  2.110253  2.784626  2.717537  0.487882  2.675167  2.675167  2.688336  2.611149  2.611149  2.611149  2.624194  0.000000  2.738087  2.569737  2.460396  2.864614  1.847841  2.757257  2.458024  2.620969  2.893200  2.352556  2.665948  2.450064  2.730835  2.319971  2.333308  2.886953  2.562486  0.808822  2.699324  3.330254  2.591144  3.074955  2.530579  2.771462  2.485018  2.299460  2.879449  2.434578  2.549086  2.350820  2.494504  2.062165  2.287263  2.193591  2.987443  3.508714  3.019886  3.188442  3.241130  2.458685  2.911503  0.947461  3.206251  3.722010
  2.348533  3.562395  2.819197  3.232948  3.273993  3.065670  2.435702  1.795050  1.580574  2.431226  2.763431  2.624985  3.271427  2.805506  3.053019  2.454223  3.107657  2.626503  3.167510  2.758299  4.303977  2.623126  3.765869  2.765670  3.917254  3.043192  2.706055  3.032765  4.263360  2.513302  2.463429  3.150742  3.004486  2.642591  2.642591  2.668052  2.777669  2.777669  2.777669  2.801212  2.738087  0.000000  0.538784  2.848429  2.865131  2.131011  2.783986  3.061515  3.335582  2.895812  2.454671  2.805705  2.334842  2.453237  2.246558  3.356060  3.348471  2.981266  4.344140  3.520834  2.701691  2.467175  3.076749  2.900196  3.149230  3.335717  3.796996  2.767642  3.667526  2.871736  3.412532  2.804925  2.973969  5.148520  2.566146  1.576271  2.789913  2.919917  3.826219  1.995575  3.175497  3.327147  6.798229  3.229743  2.130338
  2.214069  3.163118  2.630064  2.954557  2.880411  2.885063  2.190826  1.655544  1.730469  2.799503  2.838181  2.560179  3.063691  2.659934  3.000248  2.503427  3.385489  2.606796  3.012888  2.752559  3.606971  2.668760  3.277102  2.691120  3.992518  2.451098  2.345053  3.099722  3.994169  2.159491  2.510407  2.912811  2.762367  2.727678  2.727678  2.668179  2.382815  2.382815  2.382815  2.361491  2.569737  0.538784  0.000000  2.363893  2.879310  2.266617  2.797383  2.806557  3.066213  2.910258  2.339365  2.727238  2.500295  2.469997  1.959463  2.359038  2.982313  2.558807  3.708395  2.732382  2.457029  2.532340  3.147897  2.761312  3.280597  3.042270  2.765273  2.367671  3.097387  2.620946  2.874091  2.636522  2.524737  3.830673  2.529138  1.460275  2.613569  2.919261  2.766206  1.755378  3.422673  3.012462  4.012676  3.182546  1.999278
  1.957013  2.659344  1.996814  2.704503  2.604499  2.416611  2.295833  2.510515  2.502507  2.158909  2.360889  1.827004  2.439481  1.867943  2.343229  1.917989  2.782739  2.144980  2.861144  2.149979  2.411670  1.874407  2.463965  2.013188  3.152127  2.026217  2.105846  2.186834  2.414455  1.926733  2.304589  2.525992  2.228143  1.430891  1.430891  1.408793  1.421281  1.421281  1.421281  1.454081  2.460396  2.848429  2.363893  0.000000  1.539999  2.105430  1.534194  2.457243  2.803454  1.575204  1.358343  2.070392  2.005273  1.521738  2.173626  2.173584  2.347364  1.846198  2.917490  2.313378  2.000182  1.911514  2.520106  1.586885  2.309950  2.392179  1.874982  2.209171  2.346787  2.497875  2.838265  2.516205  2.054268  2.396097  2.208972  2.233281  2.395477  2.354802  2.480287  2.593197  2.392131  2.431432  3.204347  2.668219  3.160515
  1.892535  3.094540  1.948938  2.880423  3.092168  2.965412  2.676064  3.360511  3.137810  1.889319  2.578495  1.866207  3.002183  1.784034  2.458163  1.952784  3.000452  2.067154  2.872847  2.083822  2.428418  2.119428  2.609709  2.168281  2.868883  2.459922  2.520495  2.023968  3.011953  2.288042  2.444796  2.831328  2.606209  0.651858  0.651858  0.660678  0.698622  0.698622  0.698622  0.675050  2.864614  2.865131  2.879310  1.539999  0.000000  2.002778  0.016260  3.078234  3.536688  0.008126  1.580588  1.782165  2.444545  1.507505  2.554923  2.171927  2.967669  2.009957  3.637703  2.276389  2.795715  3.071005  2.873365  0.022191  2.206829  2.504866  2.085909  2.559815  2.603961  3.201662  2.861683  3.126787  2.160590  3.141847  2.690987  2.615993  2.939696  2.258909  2.926599  3.064249  2.394360  2.979805  3.020097  2.506557  2.851690
