   85
B9FU30_ORYSJ_284472	B9FU30_ORYSJ_8491024	Q5Z6I4_ORYSJ_261445	Q5Z6I4_ORYSJ_8571036	D0NKW7_PHYIT_491663	D0NKW7_PHYIT_696864	Q22US2_TETTS_9321154	Q22US2_TETTS_12111402	Q22US2_TETTS_14441649	B9G1J5_ORYSJ_289475	B9G1J5_ORYSJ_8981071	C2GR1_ARATH_236423	C2GR1_ARATH_8441019	A9TQ08_PHYPA_235415	A9TQ08_PHYPA_8261012	C2GR2_ARATH_238426	C2GR2_ARATH_8491023	B9F3V9_ORYSJ_332515	B9F3V9_ORYSJ_8991075	A9SDA2_PHYPA_232412	A9SDA2_PHYPA_8171004	A9TQF1_PHYPA_224401	A9TQF1_PHYPA_8201003	Q7XKT6_ORYSJ_248436	Q7XKT6_ORYSJ_8591033	YSP2_YEAST_8411021	YSP2_YEAST_10461230	A9RSX7_PHYPA_212394	A9RSX7_PHYPA_807992	F4HVW5_ARATH_257449	YHO0_YEAST_751934	YHO0_YEAST_9571143	B9G4K6_ORYSJ_394582	GRM1B_HUMAN_55233	GRM1B_HUMAN_321502	GRM1B_MOUSE_321502	GRM1C_HUMAN_107289	GRM1C_HUMAN_312494	B3KUR5_HUMAN_45223	GRM1C_MOUSE_107289	Q8W4D4_ARATH_391576	I7M7X5_TETTS_10131226	I7M7X5_TETTS_13071507	Q2MGF5_CAEEL_57244	J3KR86_HUMAN_127303	Q55FU7_DICDI_479662	GRM1A_MOUSE_365539	C4M0I0_ENTHI_201371	C4M0I0_ENTHI_381531	B3KQF7_HUMAN_127303	Q8MRR1_DROME_41220	Q86AF7_DICDI_286471	D0MXP9_PHYIT_9571148	Q8MKJ8_DROME_144324	D0NMG0_PHYIT_279489	B8C8I7_THAPS_81294	Q22XZ6_TETTS_144333	Q4P940_USTMA_8271016	B9F0Z0_ORYSJ_387537	B8BQ30_THAPS_365549	V5IMN0_NEUCR_493676	B9G4T6_ORYSJ_322427	Q55CZ7_DICDI_2179	F8WJ74_MOUSE_365496	Q86AF6_DICDI_540708	B8CDL4_THAPS_224415	D0NJ57_PHYIT_385538	YL072_YEAST_390578	B8C2T9_THAPS_86910	Q4QEC5_LEIMA_378547	B8CDL2_THAPS_184373	Q4QEC6_LEIMA_54221	Q8VZF8_ARATH_257370	Q4Q507_LEIMA_35214	C4LUM2_ENTHI_46249	I7MCY9_TETTS_788993	Q5BB65_EMENI_8531030	YFE2_YEAST_402586	B8BUE2_THAPS_254437	Q23QL2_TETTS_311513	Q7RWT3_NEUCR_9451126	D0NHH4_PHYIT_394641	Q6K8R7_ORYSJ_365458	B8LDM5_THAPS_9291109	I7M5W4_TETTS_346560
  0.000000  1.800313  0.546980  1.891994  2.073738  1.850087  1.947085  1.940085  1.888770  0.461838  1.934006  0.577996  1.934187  0.834510  1.572009  0.612549  2.001773  0.257794  2.069510  0.827649  1.708361  0.913301  1.709451  0.627653  1.979371  1.550932  1.598833  0.860713  1.953206  1.733171  1.694497  1.735055  1.834976  1.459820  1.459820  1.459132  1.394232  1.394232  1.394232  1.366583  1.816677  1.782041  1.575415  1.437111  1.381639  1.557568  1.362583  1.894892  2.026501  1.384972  1.578093  1.473011  1.500785  1.471276  1.743172  1.649312  2.043268  1.447601  2.098755  1.555204  1.700178  1.761531  1.933844  1.373465  1.470836  2.006152  1.865441  1.421515  2.229257  1.696400  1.715689  1.658341  1.905830  1.974725  1.547752  1.822453  1.884294  1.373439  1.617153  2.056322  1.992727  1.780732  2.372151  1.862333  2.026526
  1.800313  0.000000  2.103626  0.551215  1.891936  1.757201  1.929448  1.577679  1.663420  1.966852  0.554480  2.009661  0.674183  1.765134  0.977324  1.959299  0.986173  1.879295  0.385176  1.889224  1.079234  1.881853  1.017456  1.792530  1.022326  2.371721  1.879930  2.136486  1.115294  1.681731  2.371803  2.175228  1.715244  1.934927  1.934927  1.983294  1.752187  1.752187  1.752187  1.755793  1.982763  2.177816  1.901935  1.714962  1.953248  1.703909  1.961918  2.268991  2.246904  1.950058  2.040865  1.723071  1.528493  1.682609  1.461803  1.771812  2.107746  1.880208  2.344376  1.906656  1.935650  1.920536  2.047929  1.935655  2.226891  1.567066  1.720826  2.213433  1.605960  1.932811  1.626677  1.885835  1.716678  2.253086  1.900277  1.785541  2.136066  2.456543  1.967606  2.094790  2.074154  2.432501  2.669097  2.386919  2.000948
  0.546980  2.103626  0.000000  2.604785  2.096214  1.972637  2.232666  2.079506  1.988224  0.437627  2.265612  0.354852  2.360791  0.703981  1.808667  0.632086  2.161660  0.553661  2.766868  0.743533  1.876745  0.744601  1.877801  0.707980  2.061379  1.638905  1.653301  0.805283  2.226827  1.891960  1.680300  1.728118  2.022310  1.347712  1.347712  1.346851  1.350779  1.350779  1.350779  1.415675  1.993899  1.963805  1.802451  1.514170  1.440743  1.609866  1.420668  1.887177  2.419288  1.444373  1.458358  1.775457  1.521730  1.324815  1.855937  1.758413  2.130126  1.231159  2.230600  1.710653  1.863111  2.003466  1.739682  1.454617  1.662424  2.293951  2.077905  1.508206  1.888134  1.689763  1.733335  1.604100  2.134851  2.002457  1.474718  2.275739  1.894016  1.357015  1.711938  2.329914  2.200634  1.839445  2.197098  1.812383  2.014754
  1.891994  0.551215  2.604785  0.000000  2.080356  1.803193  2.083557  1.836599  2.013912  1.983223  0.556102  2.128365  0.504623  1.841495  1.001728  2.129375  0.957708  2.113337  0.651447  1.996277  1.096627  1.910891  1.022475  1.715363  0.976155  2.308220  1.761677  2.181457  1.236624  1.873328  2.354580  2.152554  1.791615  1.994827  1.994827  2.044892  2.030085  2.030085  2.030085  1.964093  1.876949  2.155257  1.978808  1.808696  1.942690  1.612781  1.947638  2.455460  2.349966  1.932808  2.123412  1.793743  1.507423  1.977343  1.749341  1.874913  2.112760  2.165106  1.797354  1.836157  2.027403  1.912288  2.131833  1.945928  2.164967  1.753775  1.561562  2.269614  1.768214  2.145154  1.884206  2.109760  2.089692  2.253580  1.793028  2.003971  2.212275  2.349493  2.124155  2.142163  1.854534  2.430235  2.142063  2.325570  2.728824
  2.073738  1.891936  2.096214  2.080356  0.000000  0.741889  2.120162  2.058753  2.074334  2.272487  2.101735  2.031063  1.974429  1.899079  1.832663  1.891959  2.054631  2.193984  2.048190  2.072469  1.876411  2.160383  1.853115  1.908014  2.281438  1.866571  1.869083  2.172594  1.838662  1.437614  2.006552  2.342933  1.322071  2.187592  2.187592  2.116370  1.870246  1.870246  1.870246  1.875794  1.421197  2.144727  1.936496  1.860966  2.197272  1.404807  2.108855  1.612156  1.636015  2.224040  1.943663  1.654494  1.698975  2.031842  1.820170  1.705859  1.712778  1.839133  1.666618  1.788432  1.920035  1.512564  1.722872  2.000893  1.638722  1.867191  1.389693  2.289670  1.726695  1.624114  1.832891  1.695973  1.674153  2.006539  1.767177  1.879375  2.286347  2.256200  1.631165  2.471520  2.194648  1.720698  1.559082  1.905215  2.462875
  1.850087  1.757201  1.972637  1.803193  0.741889  0.000000  2.179537  1.831062  1.772105  1.944136  1.758000  1.979020  1.573642  1.833512  1.567385  1.667239  1.902564  1.866891  1.989299  1.874548  1.666674  1.988719  1.692880  1.815954  2.120843  1.831274  1.719666  2.197132  1.717704  1.478808  1.755127  2.343071  1.614956  2.046757  2.046757  2.036887  2.060316  2.060316  2.060316  2.033202  1.527063  1.974473  1.802176  1.754327  2.096111  1.397435  2.112695  1.778202  1.818005  2.119942  2.027075  1.563044  1.660072  2.186502  1.841358  1.659350  1.732321  2.217342  1.531018  2.136283  2.432554  1.480606  2.106436  2.187737  1.603375  1.901851  1.568539  1.922215  1.823564  1.849474  1.684320  1.922341  1.859575  2.299894  1.594567  2.090643  2.645023  2.224991  1.704393  2.092576  1.985285  1.737733  1.424514  2.039595  2.056532
  1.947085  1.929448  2.232666  2.083557  2.120162  2.179537  0.000000  1.321442  1.416817  2.074784  1.838793  2.149569  2.082758  2.032544  2.022109  2.237293  2.187260  2.150852  2.015235  1.934153  2.136579  2.032110  1.804735  2.199297  2.787168  2.514729  1.763186  2.223560  1.933556  1.941285  2.256449  2.350073  1.713462  1.887894  1.887894  1.864302  1.923375  1.923375  1.923375  1.873287  1.876953  1.655472  1.545759  1.610774  1.753150  1.677253  1.751784  1.971256  2.556454  1.779312  1.915514  1.867672  1.937605  1.736452  1.778198  1.834466  2.318367  2.211316  1.988719  1.968501  2.337986  1.856390  1.955767  1.719876  2.192557  1.471112  2.430916  2.086652  2.036456  1.629949  1.696774  1.664843  1.656887  2.076997  2.229369  1.447201  2.394662  2.481628  1.898372  1.596573  2.023200  2.570174  1.867727  2.393781  1.888454
  1.940085  1.577679  2.079506  1.836599  2.058753  1.831062  1.321442  0.000000  0.561823  2.218595  1.686079  2.091080  1.675837  1.937979  1.772714  2.044172  1.657788  1.898579  1.673035  1.787802  1.990279  1.727119  1.893349  2.046194  2.309724  1.954232  1.601943  2.287847  1.849608  1.706948  2.145396  2.008944  1.890523  1.849171  1.849171  1.854175  2.010976  2.010976  2.010976  1.944770  1.843292  1.311311  1.186138  1.763208  2.023609  1.577801  2.037485  1.837645  2.303443  2.017086  1.875373  1.783753  1.743291  2.011265  1.922615  1.770806  2.065000  2.206053  1.891275  2.417434  2.223068  1.867167  1.723685  2.004614  1.851548  1.785433  2.019149  1.661296  1.880118  1.770278  1.940493  1.795207  1.647231  2.010580  2.097972  1.447291  2.142899  2.268296  1.843031  1.404156  2.431219  2.084052  2.020905  2.425997  1.518748
  1.888770  1.663420  1.988224  2.013912  2.074334  1.772105  1.416817  0.561823  0.000000  1.827988  1.771947  2.143821  2.011181  2.021041  1.965518  2.105743  1.892086  1.884630  1.921509  1.928932  2.116491  1.972274  1.890672  1.929474  2.361560  1.960283  1.680289  2.269965  2.060052  1.566834  1.885520  2.014341  1.954363  1.855261  1.855261  1.916630  2.103325  2.103325  2.103325  2.053069  1.852837  1.213229  1.285967  1.723484  1.917657  1.590570  1.920864  2.019289  2.198252  1.936226  1.742459  1.774965  1.758404  1.718989  1.637579  1.726987  2.389393  1.920209  2.598216  2.088419  2.223843  1.824345  1.702052  1.763925  2.111128  1.714125  2.212078  1.833703  1.901905  1.734670  1.838016  1.759551  1.580794  1.989146  2.399516  1.413357  1.973716  2.241743  1.950505  1.609582  2.489900  2.444295  2.726630  2.778660  1.586131
  0.461838  1.966852  0.437627  1.983223  2.272487  1.944136  2.074784  2.218595  1.827988  0.000000  2.020740  0.500216  1.922790  0.873799  1.765400  0.556059  1.965604  0.478889  2.258147  0.864262  1.975481  0.947547  1.956098  0.779724  1.962248  1.752878  1.629911  0.816991  2.310666  1.868385  1.773176  1.676114  2.024719  1.338207  1.338207  1.349947  1.329914  1.329914  1.329914  1.297365  1.897096  1.748906  1.827007  1.617504  1.357465  1.588498  1.339061  2.083422  1.987294  1.360639  1.469327  1.589477  1.497168  1.347241  1.739135  1.863350  1.873704  1.406454  2.154475  1.604954  1.674498  1.920235  1.613926  1.299604  1.701708  2.148143  2.012073  1.460084  2.043018  1.641373  1.797552  1.616943  2.113007  1.829214  1.426536  2.143317  1.782255  1.367889  1.716033  2.208637  2.177106  1.890233  2.354284  1.940654  1.930869
  1.934006  0.554480  2.265612  0.556102  2.101735  1.758000  1.838793  1.686079  1.771947  2.020740  0.000000  2.127061  0.668646  1.900909  1.002300  1.996789  0.776176  2.124525  0.672947  2.038336  1.140716  1.975656  0.992518  1.719775  0.949702  2.038423  1.652078  2.211558  1.144103  1.621394  2.043220  1.951961  1.672207  1.928516  1.928516  1.947220  1.953133  1.953133  1.953133  1.943689  1.766602  1.848596  1.895340  1.675193  1.830942  1.629532  1.842782  2.348344  2.163733  1.822056  2.071934  1.708655  1.454000  1.844537  1.574454  1.852097  2.169496  2.000600  1.774911  1.884356  1.838495  1.767299  2.223413  1.903358  1.968433  1.647214  1.852702  2.010732  1.584598  2.093897  1.941882  2.109268  1.773879  2.259178  1.856129  2.048816  2.031100  2.190176  1.891386  1.864793  1.866583  2.327562  1.869522  2.431662  2.156508
  0.577996  2.009661  0.354852  2.128365  2.031063  1.979020  2.149569  2.091080  2.143821  0.500216  2.127061  0.000000  1.996800  0.557220  1.666251  0.513165  1.982624  0.559301  2.611899  0.751718  1.777613  0.718710  1.811752  0.641758  2.005113  1.588378  1.660281  0.703580  2.034998  1.858820  1.610441  1.749541  1.908555  1.247253  1.247253  1.278124  1.256978  1.256978  1.256978  1.289493  1.872002  1.879754  1.754389  1.496009  1.430231  1.520120  1.417763  1.831081  2.223136  1.433732  1.457554  1.552253  1.458988  1.296323  1.766052  1.524213  1.826639  1.379369  2.262959  1.669143  1.742580  1.766969  1.629388  1.456581  1.616339  1.894917  1.853738  1.511973  1.818011  1.555788  1.734561  1.535587  1.897395  1.850277  1.438352  1.967176  1.804107  1.259977  1.630189  2.113714  1.798593  1.992875  2.264870  1.662287  2.165541
  1.934187  0.674183  2.360791  0.504623  1.974429  1.573642  2.082758  1.675837  2.011181  1.922790  0.668646  1.996800  0.000000  1.961671  1.025663  1.814579  0.795367  1.938149  0.770019  2.022298  1.061460  2.103369  1.040906  1.729208  0.882242  2.118140  1.871830  2.141305  1.135694  1.831982  2.136163  2.207606  1.748111  1.693703  1.693703  1.721887  1.770500  1.770500  1.770500  1.854023  1.699177  2.019564  1.917361  1.658854  1.834491  1.771818  1.842090  2.327419  2.255545  1.825572  1.852016  1.841521  1.488191  1.845250  1.756244  1.780968  1.848427  2.156557  1.692723  2.065802  2.138403  1.786520  2.269866  1.929830  2.139633  1.884428  1.587741  2.185501  1.905746  1.961799  1.957148  1.996727  1.897163  2.367255  2.037380  1.863854  2.226626  2.282920  1.817434  2.040067  1.836327  2.182352  1.641331  2.473302  2.399996
  0.834510  1.765134  0.703981  1.841495  1.899079  1.833512  2.032544  1.937979  2.021041  0.873799  1.900909  0.557220  1.961671  0.000000  1.854741  0.699716  2.033194  0.843288  2.279384  0.339250  1.864426  0.316252  2.005922  0.791677  2.131409  1.634225  1.636096  0.542691  1.970444  1.705384  1.602092  1.694616  1.707860  1.423503  1.423503  1.444621  1.306607  1.306607  1.306607  1.316525  1.690671  1.931628  1.851524  1.376854  1.338780  1.483281  1.326944  1.800624  2.371021  1.343588  1.433051  1.477341  1.446876  1.149286  1.504152  1.750785  1.810809  1.408788  1.971568  1.577457  1.595684  1.643316  1.887911  1.307648  1.350648  1.859123  1.619268  1.758876  1.857795  1.934491  1.684403  1.873095  1.746605  1.908862  1.609420  1.914312  1.750664  1.412758  1.661121  2.439487  1.864046  1.839025  2.063206  1.582578  2.050266
  1.572009  0.977324  1.808667  1.001728  1.832663  1.567385  2.022109  1.772714  1.965518  1.765400  1.002300  1.666251  1.025663  1.854741  0.000000  1.789104  1.034520  1.895359  0.942526  2.064868  0.279768  1.875881  0.266166  1.632498  1.034292  1.968630  1.573796  1.851581  0.601547  1.614798  1.885870  1.900386  1.503599  1.620781  1.620781  1.650980  1.806881  1.806881  1.806881  1.840672  1.510423  1.980712  1.937025  1.670150  1.791578  1.602352  1.793365  2.150743  2.130001  1.783491  1.790574  1.785164  1.509145  1.703653  1.727417  1.599327  1.709100  1.645709  1.578345  2.045341  2.077205  1.665352  2.245920  1.935421  1.982062  1.770840  1.634893  1.917915  1.823911  2.133087  1.776099  2.265023  2.006479  2.278318  1.764834  2.103575  2.202403  2.394886  1.874136  1.974763  1.977118  2.051405  1.585849  1.772293  1.746079
  0.612549  1.959299  0.632086  2.129375  1.891959  1.667239  2.237293  2.044172  2.105743  0.556059  1.996789  0.513165  1.814579  0.699716  1.789104  0.000000  2.028701  0.623721  2.257088  0.747728  1.859953  0.866593  1.912024  0.698907  1.938745  1.826300  1.573748  0.828660  2.200253  1.690204  1.692640  1.890739  1.751993  1.211959  1.211959  1.250966  1.332295  1.332295  1.332295  1.379604  1.805895  1.741893  1.710068  1.424660  1.426844  1.451390  1.406973  1.655543  2.027966  1.430410  1.454524  1.584240  1.510307  1.365446  1.735655  1.684069  1.728063  1.347818  2.058829  1.662548  1.611799  1.648893  1.778206  1.488782  1.653520  1.972576  1.720649  1.647895  1.924384  1.652932  1.771866  1.627971  1.844729  1.783604  1.449515  1.959449  1.618109  1.444642  1.635391  2.244911  2.064126  1.884576  2.215541  1.719785  2.027297
  2.001773  0.986173  2.161660  0.957708  2.054631  1.902564  2.187260  1.657788  1.892086  1.965604  0.776176  1.982624  0.795367  2.033194  1.034520  2.028701  0.000000  2.072929  1.055412  1.956497  1.059936  2.126130  1.039195  1.791145  0.866884  2.259045  1.679383  2.079038  1.147345  1.781912  2.162938  2.201935  1.882119  1.726934  1.726934  1.757424  1.934737  1.934737  1.934737  1.935399  1.697956  2.026270  2.105431  1.859818  1.913756  1.806366  1.916777  2.505383  2.546440  1.904351  2.004462  1.827104  1.616106  2.023821  1.833598  1.697922  2.142778  2.017903  1.834245  2.179460  2.224931  1.819933  2.425413  2.049875  1.913652  2.113727  1.642577  2.358360  1.630600  2.170323  2.120669  2.275344  1.916543  2.409510  1.841090  2.361222  2.386886  2.630392  2.520156  2.345621  2.106943  2.590286  1.845721  2.477045  2.472789
  0.257794  1.879295  0.553661  2.113337  2.193984  1.866891  2.150852  1.898579  1.884630  0.478889  2.124525  0.559301  1.938149  0.843288  1.895359  0.623721  2.072929  0.000000  2.389700  0.773843  1.921542  0.923350  1.967756  0.691359  2.096820  1.574126  1.619424  0.849496  2.241380  1.720070  1.555518  1.779474  1.931685  1.512972  1.512972  1.512090  1.403949  1.403949  1.403949  1.378181  1.959831  1.880740  1.778014  1.534159  1.451634  1.555680  1.432794  1.918415  2.068866  1.455253  1.548843  1.469382  1.452215  1.413065  1.838175  1.867239  2.067292  1.424457  2.203774  1.718017  1.686084  1.748682  1.771924  1.374309  1.536592  2.045390  1.910208  1.417948  2.074919  1.831250  1.701274  1.824590  1.918821  1.910129  1.629924  1.776376  1.894775  1.394638  1.476709  2.196852  2.102836  1.716653  2.494535  1.945618  1.971073
  2.069510  0.385176  2.766868  0.651447  2.048190  1.989299  2.015235  1.673035  1.921509  2.258147  0.672947  2.611899  0.770019  2.279384  0.942526  2.257088  1.055412  2.389700  0.000000  2.181585  1.145301  2.210779  0.991540  2.225016  1.030820  2.551180  2.151323  2.501975  1.277298  1.753180  2.645709  2.484504  1.936396  1.767274  1.767274  1.826435  1.889863  1.889863  1.889863  2.001261  2.167619  2.102079  2.006782  2.046027  1.920919  1.910074  1.928930  2.589908  2.093832  1.911444  2.140586  1.931792  1.679958  1.915547  1.684226  1.957870  2.216466  2.208917  2.326759  2.222926  2.134332  2.248821  2.274387  1.936856  2.135171  1.603377  1.766609  2.405997  1.779846  2.303889  1.916021  2.316733  1.735830  2.278857  1.894090  1.991349  2.645889  2.807559  2.102114  2.227855  1.845827  2.762649  2.832048  2.448379  2.218893
  0.827649  1.889224  0.743533  1.996277  2.072469  1.874548  1.934153  1.787802  1.928932  0.864262  2.038336  0.751718  2.022298  0.339250  2.064868  0.747728  1.956497  0.773843  2.181585  0.000000  2.053257  0.275554  2.002396  0.847565  2.311968  1.566039  1.596706  0.632771  2.321406  1.835813  1.622018  1.733248  1.878528  1.519757  1.519757  1.504317  1.591564  1.591564  1.591564  1.590575  1.792106  1.946195  1.878279  1.540068  1.434638  1.672357  1.423114  1.698614  2.483070  1.440087  1.510780  1.526887  1.578810  1.243226  1.618643  1.982570  1.932291  1.334213  2.140503  1.695411  1.572694  1.920344  1.828861  1.459998  1.342805  2.015661  1.802377  1.639784  1.984284  1.931181  1.888555  1.901932  1.896621  1.755712  1.579434  2.072776  1.585423  1.403709  1.687479  2.480600  1.854058  1.940221  2.208231  1.635833  1.944203
  1.708361  1.079234  1.876745  1.096627  1.876411  1.666674  2.136579  1.990279  2.116491  1.975481  1.140716  1.777613  1.061460  1.864426  0.279768  1.859953  1.059936  1.921542  1.145301  2.053257  0.000000  1.988492  0.162912  1.604008  0.994755  2.138980  1.717518  1.727628  0.612386  1.812599  1.973638  2.026126  1.641893  1.652544  1.652544  1.683605  1.738734  1.738734  1.738734  1.774487  1.603322  2.471495  2.229774  1.689098  1.783909  1.680825  1.785655  2.330774  2.090654  1.781746  1.996899  1.942278  1.564802  1.874672  1.866398  1.806987  1.803610  1.762010  1.690474  1.951800  2.159916  1.835755  2.241451  1.882456  2.121227  1.623799  1.626259  2.110820  1.891877  2.196507  1.673548  2.331969  2.145400  2.288328  1.775088  2.138441  2.254788  2.411462  2.050810  2.163337  2.115960  2.080069  1.858982  1.911041  1.950091
  0.913301  1.881853  0.744601  1.910891  2.160383  1.988719  2.032110  1.727119  1.972274  0.947547  1.975656  0.718710  2.103369  0.316252  1.875881  0.866593  2.126130  0.923350  2.210779  0.275554  1.988492  0.000000  1.923337  0.824786  2.271583  1.654391  1.614355  0.645163  2.068014  1.738324  1.736730  1.680578  1.806757  1.556362  1.556362  1.535853  1.477036  1.477036  1.477036  1.464614  1.837586  1.884982  1.884004  1.359390  1.518142  1.629705  1.522373  1.866973  2.514810  1.523860  1.567697  1.575938  1.633696  1.311559  1.662736  1.925224  2.074272  1.466984  2.130391  1.693350  1.545576  1.757857  1.929805  1.529299  1.439799  2.074130  1.928406  1.889578  2.086169  2.050652  1.995806  2.004125  1.843959  1.924532  1.453984  2.068460  1.718911  1.367165  1.795214  2.328756  2.084731  1.913101  2.067400  1.663224  1.969057
  1.709451  1.017456  1.877801  1.022475  1.853115  1.692880  1.804735  1.893349  1.890672  1.956098  0.992518  1.811752  1.040906  2.005922  0.266166  1.912024  1.039195  1.967756  0.991540  2.002396  0.162912  1.923337  0.000000  1.764045  1.129145  2.008568  1.597684  1.881453  0.639094  1.693629  1.837507  1.917853  1.723672  1.645771  1.645771  1.675755  1.763508  1.763508  1.763508  1.800245  1.648178  2.279847  2.049967  1.775082  1.910885  1.751886  1.912834  2.288736  2.114151  1.901974  1.865461  1.974676  1.557281  1.808953  1.824846  1.742187  1.799697  1.816079  1.762063  1.979446  2.080026  1.710908  2.078525  1.960765  2.051523  1.567492  1.646140  2.262508  1.991719  2.013323  1.799737  2.130135  2.017325  2.132966  1.816116  2.107856  2.157463  2.501866  1.933495  2.205616  1.900082  2.090534  1.856465  2.007602  1.933460
  0.627653  1.792530  0.707980  1.715363  1.908014  1.815954  2.199297  2.046194  1.929474  0.779724  1.719775  0.641758  1.729208  0.791677  1.632498  0.698907  1.791145  0.691359  2.225016  0.847565  1.604008  0.824786  1.764045  0.000000  1.711776  1.507159  1.523838  0.816039  1.897540  1.808357  1.664288  1.809743  1.791388  1.321636  1.321636  1.329312  1.370290  1.370290  1.370290  1.413835  1.711768  1.898570  1.843558  1.416926  1.522395  1.448504  1.508565  1.857531  2.344382  1.526404  1.573266  1.538255  1.532343  1.401271  1.404516  1.635299  1.710903  1.221494  2.132914  1.666326  1.697683  1.638266  1.846131  1.576919  1.693227  2.351770  1.783926  1.549243  2.041771  1.695241  1.956768  1.741913  1.924565  1.895181  1.549336  1.567525  1.713289  1.526698  1.840460  1.823247  1.885532  1.819730  2.113255  1.627585  2.129736
  1.979371  1.022326  2.061379  0.976155  2.281438  2.120843  2.787168  2.309724  2.361560  1.962248  0.949702  2.005113  0.882242  2.131409  1.034292  1.938745  0.866884  2.096820  1.030820  2.311968  0.994755  2.271583  1.129145  1.711776  0.000000  2.392861  1.991121  2.193935  1.211812  2.266739  2.164349  2.325851  1.861165  1.832600  1.832600  1.909261  1.889132  1.889132  1.889132  1.889692  1.958772  2.414972  2.542085  2.233166  1.801274  2.048162  1.810326  2.772582  2.670924  1.798962  2.277561  2.200499  1.902626  1.910957  2.312093  2.107827  2.437289  1.847261  1.994173  2.175658  2.054206  2.549437  2.577058  1.777694  2.689480  1.836978  1.995340  2.247783  1.954123  2.186787  1.874840  2.188705  2.653745  2.705510  2.071435  2.609112  2.188009  2.437537  2.735221  2.785219  1.865193  2.352406  2.458436  2.165221  2.448854
  1.550932  2.371721  1.638905  2.308220  1.866571  1.831274  2.514729  1.954232  1.960283  1.752878  2.038423  1.588378  2.118140  1.634225  1.968630  1.826300  2.259045  1.574126  2.551180  1.566039  2.138980  1.654391  2.008568  1.507159  2.392861  0.000000  0.690272  1.504763  2.123130  1.776157  0.481450  0.780829  2.193753  1.805626  1.805626  1.828609  1.716482  1.716482  1.716482  1.669090  2.045892  2.142544  1.680240  1.634579  1.750720  1.606852  1.726403  2.070381  1.712528  1.801335  1.697039  2.040376  1.855461  1.771769  2.017083  2.180129  2.031079  1.025446  2.869065  2.098621  0.857052  1.689694  1.925290  1.953046  1.882158  2.667825  1.932438  1.117749  2.494418  2.249664  2.204983  2.299596  2.011021  2.218381  2.057969  2.105247  0.947697  1.159629  2.368370  2.280955  1.731435  2.069949  2.773416  2.001074  2.192749
  1.598833  1.879930  1.653301  1.761677  1.869083  1.719666  1.763186  1.601943  1.680289  1.629911  1.652078  1.660281  1.871830  1.636096  1.573796  1.573748  1.679383  1.619424  2.151323  1.596706  1.717518  1.614355  1.597684  1.523838  1.991121  0.690272  0.000000  1.544378  1.604352  1.808141  0.758469  0.496888  1.859607  1.708240  1.708240  1.683588  1.404565  1.404565  1.404565  1.466645  1.653138  1.896646  1.624546  1.672738  1.761877  1.521538  1.740441  1.778031  1.734549  1.790132  1.643841  1.843454  1.751546  1.841230  1.947182  2.046635  1.939405  1.010488  2.183047  1.948699  0.884739  1.735306  1.802418  1.845801  1.917512  2.176637  1.637729  1.038998  2.136096  1.979695  1.930363  2.000258  1.908172  1.821957  1.737208  2.111348  0.895191  1.061865  2.129000  1.908206  1.731344  2.064637  2.210335  1.983096  1.802264
  0.860713  2.136486  0.805283  2.181457  2.172594  2.197132  2.223560  2.287847  2.269965  0.816991  2.211558  0.703580  2.141305  0.542691  1.851581  0.828660  2.079038  0.849496  2.501975  0.632771  1.727628  0.645163  1.881453  0.816039  2.193935  1.504763  1.544378  0.000000  2.279762  1.823227  1.479208  1.680971  1.964412  1.468593  1.468593  1.493253  1.590479  1.590479  1.590479  1.564103  1.945202  2.184540  2.117783  1.547718  1.491561  1.613282  1.481215  1.676425  2.131080  1.495549  1.665318  1.593150  1.498230  1.447377  1.674211  1.928430  1.689414  1.321513  2.380411  1.856739  1.684935  1.515182  1.734025  1.525289  1.630256  2.141463  1.809812  1.644701  2.004542  1.681325  1.659819  1.718662  2.192114  1.863711  1.660107  2.172292  1.727776  1.262987  2.094541  2.907448  2.017776  1.829928  2.443656  1.850100  2.289233
  1.953206  1.115294  2.226827  1.236624  1.838662  1.717704  1.933556  1.849608  2.060052  2.310666  1.144103  2.034998  1.135694  1.970444  0.601547  2.200253  1.147345  2.241380  1.277298  2.321406  0.612386  2.068014  0.639094  1.897540  1.211812  2.123130  1.604352  2.279762  0.000000  1.816635  1.923559  2.157652  1.454643  1.909909  1.909909  1.937120  1.996193  1.996193  1.996193  1.968513  1.519733  2.374369  2.274781  1.712152  2.122286  1.618647  2.124895  2.059453  1.924914  2.117967  2.107564  1.966849  1.673553  1.791676  1.818436  1.882665  1.782612  1.943017  1.627136  2.313163  2.320451  1.817606  2.475912  2.159041  2.220773  1.686220  1.703313  2.139614  1.908267  2.066500  1.806688  2.048395  1.790065  2.219950  1.749159  2.277419  2.239374  2.531028  2.091355  2.066316  1.950053  2.113485  1.721489  1.809242  2.212158
  1.733171  1.681731  1.891960  1.873328  1.437614  1.478808  1.941285  1.706948  1.566834  1.868385  1.621394  1.858820  1.831982  1.705384  1.614798  1.690204  1.781912  1.720070  1.753180  1.835813  1.812599  1.738324  1.693629  1.808357  2.266739  1.776157  1.808141  1.823227  1.816635  0.000000  1.971403  2.093514  1.407938  1.668427  1.668427  1.651863  1.753789  1.753789  1.753789  1.716277  1.505821  1.653338  1.515468  1.360948  1.577622  1.061806  1.620849  1.702764  1.538820  1.592384  1.585226  1.225009  1.343380  1.674895  1.116388  1.489022  1.275018  1.696286  1.697981  1.523504  2.198319  0.473736  1.610310  1.569502  1.506368  1.470886  1.304129  1.975073  1.648858  1.632474  1.728139  1.681937  0.056253  1.840425  1.262265  1.452195  1.923621  2.064383  1.396845  1.956428  1.904090  1.856267  1.620586  2.084967  1.957660
  1.694497  2.371803  1.680300  2.354580  2.006552  1.755127  2.256449  2.145396  1.885520  1.773176  2.043220  1.610441  2.136163  1.602092  1.885870  1.692640  2.162938  1.555518  2.645709  1.622018  1.973638  1.736730  1.837507  1.664288  2.164349  0.481450  0.758469  1.479208  1.923559  1.971403  0.000000  0.842192  2.153569  1.789227  1.789227  1.778457  1.723517  1.723517  1.723517  1.744210  1.978969  1.794585  1.653056  1.764170  1.723887  1.753180  1.704743  2.171640  2.091478  1.749106  1.836576  2.373976  1.780984  1.843392  2.111613  2.101009  2.452820  1.059152  2.813654  2.370796  0.956924  1.650951  2.056943  1.787512  1.968472  2.229084  2.191422  1.157580  2.385569  1.961477  1.982449  1.997844  2.336524  2.076983  2.151840  2.059571  0.938971  1.070359  2.266984  2.056457  1.765850  2.164404  3.237258  1.758557  1.865818
  1.735055  2.175228  1.728118  2.152554  2.342933  2.343071  2.350073  2.008944  2.014341  1.676114  1.951961  1.749541  2.207606  1.694616  1.900386  1.890739  2.201935  1.779474  2.484504  1.733248  2.026126  1.680578  1.917853  1.809743  2.325851  0.780829  0.496888  1.680971  2.157652  2.093514  0.842192  0.000000  2.231365  2.002102  2.002102  2.014398  1.611675  1.611675  1.611675  1.625902  1.929453  2.066839  1.873973  1.992966  1.940433  1.606822  1.902758  1.713843  1.898572  1.974999  1.921410  2.056530  1.627715  1.969710  2.128237  2.219335  2.005067  1.032225  2.490334  2.047300  0.889628  1.960746  1.799702  2.024184  1.858620  2.440447  1.779560  1.411890  2.522186  2.302646  2.432173  2.284563  2.290580  2.041845  2.070161  2.002678  0.920940  1.280455  2.333076  2.082760  1.796427  2.210455  2.464541  2.214909  2.101491
  1.834976  1.715244  2.022310  1.791615  1.322071  1.614956  1.713462  1.890523  1.954363  2.024719  1.672207  1.908555  1.748111  1.707860  1.503599  1.751993  1.882119  1.931685  1.936396  1.878528  1.641893  1.806757  1.723672  1.791388  1.861165  2.193753  1.859607  1.964412  1.454643  1.407938  2.153569  2.231365  0.000000  1.727403  1.727403  1.707825  1.546734  1.546734  1.546734  1.504996  0.434182  1.913577  1.725386  1.609402  1.765092  1.280168  1.710362  1.743324  1.822046  1.797338  1.444962  1.713436  1.732141  1.704686  1.665664  1.330762  1.631373  1.737366  0.648092  1.615402  2.088483  1.547831  1.879196  1.648138  1.973458  1.959491  1.627160  1.931761  1.558590  1.732142  1.833106  1.648848  1.361333  1.682481  1.596490  2.127057  2.254206  2.220708  1.627745  2.250876  1.669879  1.972848  0.868400  1.929557  2.253299
  1.459820  1.934927  1.347712  1.994827  2.187592  2.046757  1.887894  1.849171  1.855261  1.338207  1.928516  1.247253  1.693703  1.423503  1.620781  1.211959  1.726934  1.512972  1.767274  1.519757  1.652544  1.556362  1.645771  1.321636  1.832600  1.805626  1.708240  1.468593  1.909909  1.668427  1.789227  2.002102  1.727403  0.000000  0.000010  0.022905  0.504896  0.504896  0.504896  0.504674  1.830208  1.870112  1.802841  1.173051  0.571678  1.444754  0.567896  1.924966  1.885863  0.578224  0.992780  1.197993  1.607757  1.015995  1.792434  1.567005  1.728415  1.467207  2.217836  1.644654  1.875739  1.914040  1.634803  0.698893  1.639785  1.959136  1.588294  1.854269  1.893297  1.892361  1.970450  1.851754  1.705645  1.951052  1.754611  1.846943  1.908474  1.612530  1.719325  2.030440  1.573444  2.251470  1.983282  1.739353  1.955546
  1.459820  1.934927  1.347712  1.994827  2.187592  2.046757  1.887894  1.849171  1.855261  1.338207  1.928516  1.247253  1.693703  1.423503  1.620781  1.211959  1.726934  1.512972  1.767274  1.519757  1.652544  1.556362  1.645771  1.321636  1.832600  1.805626  1.708240  1.468593  1.909909  1.668427  1.789227  2.002102  1.727403  0.000010  0.000000  0.022905  0.504896  0.504896  0.504896  0.504674  1.830208  1.870112  1.802841  1.173051  0.571678  1.444754  0.567896  1.924966  1.885863  0.578224  0.992780  1.197993  1.607757  1.015995  1.792434  1.567005  1.728415  1.467207  2.217836  1.644654  1.875739  1.914040  1.634803  0.698893  1.639785  1.959136  1.588294  1.854269  1.893297  1.892361  1.970450  1.851754  1.705645  1.951052  1.754611  1.846943  1.908474  1.612530  1.719325  2.030440  1.573444  2.251470  1.983282  1.739353  1.955546
  1.459132  1.983294  1.346851  2.044892  2.116370  2.036887  1.864302  1.854175  1.916630  1.349947  1.947220  1.278124  1.721887  1.444621  1.650980  1.250966  1.757424  1.512090  1.826435  1.504317  1.683605  1.535853  1.675755  1.329312  1.909261  1.828609  1.683588  1.493253  1.937120  1.651863  1.778457  2.014398  1.707825  0.022905  0.022905  0.000000  0.516191  0.516191  0.516191  0.515970  1.839367  1.855364  1.787438  1.142805  0.570913  1.433216  0.567141  1.897688  1.968479  0.577444  0.981060  1.198460  1.618058  1.010897  1.799827  1.560376  1.734560  1.461171  2.195844  1.623073  1.845812  1.902466  1.624063  0.678388  1.610554  1.958294  1.547408  1.888404  1.889855  1.850849  1.966671  1.856132  1.684797  1.929144  1.751985  1.813784  1.896413  1.569772  1.703383  2.034868  1.523871  2.264533  1.947512  1.768573  1.905207
  1.394232  1.752187  1.350779  2.030085  1.870246  2.060316  1.923375  2.010976  2.103325  1.329914  1.953133  1.256978  1.770500  1.306607  1.806881  1.332295  1.934737  1.403949  1.889863  1.591564  1.738734  1.477036  1.763508  1.370290  1.889132  1.716482  1.404565  1.590479  1.996193  1.753789  1.723517  1.611675  1.546734  0.504896  0.504896  0.516191  0.000000  0.000010  0.000010  0.086192  1.720333  1.884953  1.604910  1.151755  0.599865  1.453344  0.595746  1.981384  1.930972  0.615899  1.130884  1.399320  1.663942  1.069150  1.802532  1.493478  1.767776  1.458877  1.855282  1.455773  1.666274  1.731236  1.631960  0.702992  1.599574  2.021110  1.525872  1.735764  1.994784  2.031760  2.017422  1.959678  1.873954  1.955537  1.604831  1.831231  1.802013  1.514787  1.831187  1.861467  1.733707  2.302882  1.693997  1.880568  1.967885
  1.394232  1.752187  1.350779  2.030085  1.870246  2.060316  1.923375  2.010976  2.103325  1.329914  1.953133  1.256978  1.770500  1.306607  1.806881  1.332295  1.934737  1.403949  1.889863  1.591564  1.738734  1.477036  1.763508  1.370290  1.889132  1.716482  1.404565  1.590479  1.996193  1.753789  1.723517  1.611675  1.546734  0.504896  0.504896  0.516191  0.000010  0.000000  0.000010  0.086192  1.720333  1.884953  1.604910  1.151755  0.599865  1.453344  0.595746  1.981384  1.930972  0.615899  1.130884  1.399320  1.663942  1.069150  1.802532  1.493478  1.767776  1.458877  1.855282  1.455773  1.666274  1.731236  1.631960  0.702992  1.599574  2.021110  1.525872  1.735764  1.994784  2.031760  2.017422  1.959678  1.873954  1.955537  1.604831  1.831231  1.802013  1.514787  1.831187  1.861467  1.733707  2.302882  1.693997  1.880568  1.967885
  1.394232  1.752187  1.350779  2.030085  1.870246  2.060316  1.923375  2.010976  2.103325  1.329914  1.953133  1.256978  1.770500  1.306607  1.806881  1.332295  1.934737  1.403949  1.889863  1.591564  1.738734  1.477036  1.763508  1.370290  1.889132  1.716482  1.404565  1.590479  1.996193  1.753789  1.723517  1.611675  1.546734  0.504896  0.504896  0.516191  0.000010  0.000010  0.000000  0.086192  1.720333  1.884953  1.604910  1.151755  0.599865  1.453344  0.595746  1.981384  1.930972  0.615899  1.130884  1.399320  1.663942  1.069150  1.802532  1.493478  1.767776  1.458877  1.855282  1.455773  1.666274  1.731236  1.631960  0.702992  1.599574  2.021110  1.525872  1.735764  1.994784  2.031760  2.017422  1.959678  1.873954  1.955537  1.604831  1.831231  1.802013  1.514787  1.831187  1.861467  1.733707  2.302882  1.693997  1.880568  1.967885
  1.366583  1.755793  1.415675  1.964093  1.875794  2.033202  1.873287  1.944770  2.053069  1.297365  1.943689  1.289493  1.854023  1.316525  1.840672  1.379604  1.935399  1.378181  2.001261  1.590575  1.774487  1.464614  1.800245  1.413835  1.889692  1.669090  1.466645  1.564103  1.968513  1.716277  1.744210  1.625902  1.504996  0.504674  0.504674  0.515970  0.086192  0.086192  0.086192  0.000000  1.732125  1.868399  1.606292  1.127927  0.563230  1.415049  0.559412  1.974345  1.997850  0.578744  1.133977  1.347434  1.673623  1.086864  1.753024  1.478755  1.813566  1.404339  1.831028  1.527337  1.786025  1.823041  1.651791  0.632862  1.579513  2.032321  1.673495  1.710957  1.973915  2.075187  1.978034  1.953819  1.772112  2.022074  1.567247  1.822958  1.884674  1.581942  1.879940  1.787813  1.702098  2.253456  1.698102  1.828886  1.954945
  1.816677  1.982763  1.993899  1.876949  1.421197  1.527063  1.876953  1.843292  1.852837  1.897096  1.766602  1.872002  1.699177  1.690671  1.510423  1.805895  1.697956  1.959831  2.167619  1.792106  1.603322  1.837586  1.648178  1.711768  1.958772  2.045892  1.653138  1.945202  1.519733  1.505821  1.978969  1.929453  0.434182  1.830208  1.830208  1.839367  1.720333  1.720333  1.720333  1.732125  0.000000  1.927867  1.774151  1.802848  1.961187  1.336646  1.899678  1.766020  1.829339  1.979001  1.748462  1.890962  1.775737  1.900226  1.697437  1.654590  1.932428  1.804273  0.658380  1.905280  2.175831  1.736689  2.021331  1.800495  1.939987  1.950490  1.587436  2.132243  1.714115  1.784639  1.759076  1.737872  1.562489  1.751781  1.723891  2.056692  2.329191  2.203720  1.809702  2.145564  1.820590  2.011951  0.774509  2.285514  2.419662
  1.782041  2.177816  1.963805  2.155257  2.144727  1.974473  1.655472  1.311311  1.213229  1.748906  1.848596  1.879754  2.019564  1.931628  1.980712  1.741893  2.026270  1.880740  2.102079  1.946195  2.471495  1.884982  2.279847  1.898570  2.414972  2.142544  1.896646  2.184540  2.374369  1.653338  1.794585  2.066839  1.913577  1.870112  1.870112  1.855364  1.884953  1.884953  1.884953  1.868399  1.927867  0.000000  0.456075  1.831027  1.905857  1.580804  1.876863  2.075252  2.181264  1.912963  1.687267  1.892230  1.645445  1.674543  1.655689  1.904567  1.960408  1.987339  2.526458  2.066837  1.787137  1.662816  1.968540  1.877723  2.110852  2.285602  2.173891  1.949506  2.313509  1.968789  2.120613  1.975626  1.932562  2.908498  1.831576  1.140769  1.852373  1.979807  2.143860  1.446047  2.343674  2.204001  3.080460  2.040100  1.510398
  1.575415  1.901935  1.802451  1.978808  1.936496  1.802176  1.545759  1.186138  1.285967  1.827007  1.895340  1.754389  1.917361  1.851524  1.937025  1.710068  2.105431  1.778014  2.006782  1.878279  2.229774  1.884004  2.049967  1.843558  2.542085  1.680240  1.624546  2.117783  2.274781  1.515468  1.653056  1.873973  1.725386  1.802841  1.802841  1.787438  1.604910  1.604910  1.604910  1.606292  1.774151  0.456075  0.000000  1.649483  1.863518  1.626137  1.835798  1.920538  2.092892  1.870180  1.679004  1.758179  1.669133  1.684355  1.422185  1.569153  1.858019  1.765660  2.169990  1.797905  1.671210  1.648967  1.906523  1.848602  2.080257  2.179945  1.764479  1.739678  2.015194  1.825360  1.900550  1.811883  1.719632  2.348140  1.799387  1.105875  1.717647  1.967752  1.775108  1.364914  2.376095  2.027758  2.237599  2.030611  1.520942
  1.437111  1.714962  1.514170  1.808696  1.860966  1.754327  1.610774  1.763208  1.723484  1.617504  1.675193  1.496009  1.658854  1.376854  1.670150  1.424660  1.859818  1.534159  2.046027  1.540068  1.689098  1.359390  1.775082  1.416926  2.233166  1.634579  1.672738  1.547718  1.712152  1.360948  1.764170  1.992966  1.609402  1.173051  1.173051  1.142805  1.151755  1.151755  1.151755  1.127927  1.802848  1.831027  1.649483  0.000000  1.191833  1.530010  1.191212  1.811044  2.197684  1.220658  1.135888  1.533276  1.473486  1.217340  1.551136  1.571761  1.641645  1.464973  1.948477  1.728237  1.570792  1.379871  1.828471  1.202003  1.691455  1.710734  1.444622  1.642716  1.713118  1.653451  2.013757  1.714103  1.441834  1.805375  1.641427  1.444075  1.805198  1.759793  1.728267  1.679085  1.849545  1.684006  2.251972  1.849474  2.087312
  1.381639  1.953248  1.440743  1.942690  2.197272  2.096111  1.753150  2.023609  1.917657  1.357465  1.830942  1.430231  1.834491  1.338780  1.791578  1.426844  1.913756  1.451634  1.920919  1.434638  1.783909  1.518142  1.910885  1.522395  1.801274  1.750720  1.761877  1.491561  2.122286  1.577622  1.723887  1.940433  1.765092  0.571678  0.571678  0.570913  0.599865  0.599865  0.599865  0.563230  1.961187  1.905857  1.863518  1.191833  0.000000  1.406176  0.015494  2.004816  2.151549  0.007560  1.226101  1.317924  1.646906  1.144816  1.754744  1.569333  1.796317  1.464295  2.234747  1.636314  2.014617  1.971678  1.766317  0.020653  1.558174  1.698383  1.457453  1.750018  1.703832  1.947255  1.785150  1.886645  1.484107  2.211680  1.835402  1.742839  1.969852  1.643964  1.874239  1.872272  1.739500  2.055286  2.006818  1.789196  1.829879
