   85
B9FU30_ORYSJ_284472	B9FU30_ORYSJ_8491024	Q5Z6I4_ORYSJ_261445	Q5Z6I4_ORYSJ_8571036	D0NKW7_PHYIT_491663	D0NKW7_PHYIT_696864	Q22US2_TETTS_9321154	Q22US2_TETTS_12111402	Q22US2_TETTS_14441649	B9G1J5_ORYSJ_289475	B9G1J5_ORYSJ_8981071	C2GR1_ARATH_236423	C2GR1_ARATH_8441019	A9TQ08_PHYPA_235415	A9TQ08_PHYPA_8261012	C2GR2_ARATH_238426	C2GR2_ARATH_8491023	B9F3V9_ORYSJ_332515	B9F3V9_ORYSJ_8991075	A9SDA2_PHYPA_232412	A9SDA2_PHYPA_8171004	A9TQF1_PHYPA_224401	A9TQF1_PHYPA_8201003	Q7XKT6_ORYSJ_248436	Q7XKT6_ORYSJ_8591033	YSP2_YEAST_8411021	YSP2_YEAST_10461230	A9RSX7_PHYPA_212394	A9RSX7_PHYPA_807992	F4HVW5_ARATH_257449	YHO0_YEAST_751934	YHO0_YEAST_9571143	B9G4K6_ORYSJ_394582	GRM1B_HUMAN_55233	GRM1B_HUMAN_321502	GRM1B_MOUSE_321502	GRM1C_HUMAN_107289	GRM1C_HUMAN_312494	B3KUR5_HUMAN_45223	GRM1C_MOUSE_107289	Q8W4D4_ARATH_391576	I7M7X5_TETTS_10131226	I7M7X5_TETTS_13071507	Q2MGF5_CAEEL_57244	J3KR86_HUMAN_127303	Q55FU7_DICDI_479662	GRM1A_MOUSE_365539	C4M0I0_ENTHI_201371	C4M0I0_ENTHI_381531	B3KQF7_HUMAN_127303	Q8MRR1_DROME_41220	Q86AF7_DICDI_286471	D0MXP9_PHYIT_9571148	Q8MKJ8_DROME_144324	D0NMG0_PHYIT_279489	B8C8I7_THAPS_81294	Q22XZ6_TETTS_144333	Q4P940_USTMA_8271016	B9F0Z0_ORYSJ_387537	B8BQ30_THAPS_365549	V5IMN0_NEUCR_493676	B9G4T6_ORYSJ_322427	Q55CZ7_DICDI_2179	F8WJ74_MOUSE_365496	Q86AF6_DICDI_540708	B8CDL4_THAPS_224415	D0NJ57_PHYIT_385538	YL072_YEAST_390578	B8C2T9_THAPS_86910	Q4QEC5_LEIMA_378547	B8CDL2_THAPS_184373	Q4QEC6_LEIMA_54221	Q8VZF8_ARATH_257370	Q4Q507_LEIMA_35214	C4LUM2_ENTHI_46249	I7MCY9_TETTS_788993	Q5BB65_EMENI_8531030	YFE2_YEAST_402586	B8BUE2_THAPS_254437	Q23QL2_TETTS_311513	Q7RWT3_NEUCR_9451126	D0NHH4_PHYIT_394641	Q6K8R7_ORYSJ_365458	B8LDM5_THAPS_9291109	I7M5W4_TETTS_346560
  0.000000  2.607420  0.612099  2.792864  2.542524  2.389946  3.042270  2.953054  2.434135  0.498553  2.672369  0.641294  2.773567  0.958578  2.270746  0.729660  2.771018  0.279160  2.968215  0.946306  2.373600  1.026664  2.452285  0.747785  2.663909  2.145830  2.167776  1.013626  2.583361  2.335952  2.238424  2.556274  2.604002  1.925466  1.925466  1.910174  1.854608  1.854608  1.854608  1.882468  2.497383  2.288099  2.070981  1.876245  1.762452  2.096452  1.721082  2.717079  2.992607  1.768013  2.022485  1.963985  1.985703  1.959134  2.233224  2.140907  2.926524  1.899846  3.139987  2.114147  2.279750  2.323757  2.566385  1.681105  1.940101  2.641572  2.643985  1.854362  3.057312  2.241484  2.287150  2.220794  2.659611  2.689710  2.144675  2.533324  2.622723  1.819498  2.140475  2.955324  2.547749  2.409353  3.466325  2.527112  2.962213
  2.607420  0.000000  3.070012  0.656730  2.578319  2.404672  2.895615  2.329056  2.412360  2.871196  0.650827  2.905850  0.817820  2.392451  1.188313  2.965173  1.174621  2.766131  0.424326  2.677312  1.294558  2.618866  1.269997  2.674658  1.159339  3.440696  2.506733  3.031214  1.351876  2.630922  3.252015  3.009695  2.365579  2.646841  2.646841  2.728653  2.506567  2.506567  2.506567  2.498461  2.819518  3.246399  2.836060  2.502305  2.669038  2.424182  2.666669  3.568284  3.367866  2.654202  2.973637  2.580277  2.136128  2.460410  2.085272  2.452501  3.170504  2.836204  3.185895  2.713826  2.703473  2.924323  2.945290  2.575700  3.091020  2.244875  2.293840  2.968746  2.200956  2.958002  2.235888  2.913241  2.791232  3.262631  2.762411  2.777025  3.118473  3.477448  2.998964  3.207088  2.845775  3.321853  3.751262  3.236849  3.047505
  0.612099  3.070012  0.000000  3.817448  2.636035  2.676821  3.361541  3.020138  2.754272  0.510161  3.248659  0.414712  3.577929  0.857929  2.665074  0.748849  3.241279  0.618510  3.896636  0.860835  2.653957  0.876866  2.727695  0.835900  2.905117  2.280228  2.217815  0.970233  3.183337  2.593550  2.325372  2.489204  2.878202  1.747293  1.747293  1.734720  1.788429  1.788429  1.788429  1.901374  2.904640  2.652547  2.501987  1.977492  1.914319  2.122737  1.869953  2.661894  3.534466  1.920602  1.905862  2.389358  2.121986  1.864323  2.448598  2.333572  2.889120  1.593451  3.289959  2.267947  2.521749  2.801610  2.401964  1.887188  2.144837  3.111227  2.825238  2.050780  2.565929  2.399951  2.473942  2.241796  3.115391  2.909460  1.968280  3.085803  2.664838  1.775920  2.323520  3.468318  2.755491  2.477001  3.278620  2.570613  2.930110
  2.792864  0.656730  3.817448  0.000000  2.850711  2.448109  2.898721  2.721107  2.762366  2.963774  0.645219  3.281622  0.594403  2.642108  1.209536  3.172683  1.177828  3.081375  0.765295  2.838469  1.306308  2.728849  1.257644  2.542737  1.143679  3.292179  2.419676  3.100413  1.555924  2.758419  3.028590  2.908584  2.380216  2.896341  2.896341  3.006158  2.930522  2.930522  2.930522  2.859436  2.610554  3.183359  2.880177  2.631434  2.739939  2.376262  2.735425  3.995699  3.660537  2.729387  3.173724  2.792420  2.173748  2.728109  2.421296  2.460810  3.239818  3.073526  2.569442  2.609977  2.984983  2.834152  3.014258  2.721830  3.297837  2.411269  2.227237  3.130942  2.391307  3.193108  2.522548  3.130061  3.132535  3.275818  2.740364  2.824222  3.208702  3.503744  3.165963  3.136117  2.565699  3.523271  3.332220  3.270343  4.026378
  2.542524  2.578319  2.636035  2.850711  0.000000  0.899722  3.016466  3.034840  3.107396  2.737150  2.939937  2.643177  2.723424  2.629046  2.357577  2.351101  2.873087  2.880334  2.762962  2.993431  2.508323  3.027621  2.475278  2.643619  3.010488  2.792245  2.546298  2.895870  2.610435  1.918677  2.801217  3.409123  1.748107  2.761935  2.761935  2.681485  2.726587  2.726587  2.726587  2.749139  2.029817  3.187233  2.828725  2.522233  2.808986  1.832728  2.717000  2.250740  2.196663  2.847846  2.700141  2.190964  2.272191  2.840089  2.403758  2.123303  2.300568  2.473514  2.417998  2.278066  2.690174  2.062138  2.442484  2.663767  2.239858  2.483280  1.985311  3.148314  2.483466  2.078585  2.454372  2.132472  2.363851  2.701136  2.459060  2.739494  3.300484  3.018449  2.095854  3.491928  3.237398  2.112015  2.143489  2.517845  3.649490
  2.389946  2.404672  2.676821  2.448109  0.899722  0.000000  3.215459  2.719497  2.468429  2.550923  2.451994  2.850595  2.164882  2.659899  2.022939  2.342020  2.529359  2.539131  2.622562  2.646195  2.124918  2.807283  2.155522  2.498621  2.865774  2.746746  2.519121  3.223186  2.462283  2.051729  2.408731  3.672330  2.151094  2.721697  2.721697  2.694647  2.970009  2.970009  2.970009  2.942350  2.007424  3.082534  2.796042  2.282182  2.862557  1.837328  2.872724  2.737808  2.585596  2.901837  2.783271  2.041741  2.238572  2.909863  2.463202  2.240891  2.453888  3.265208  2.100727  2.967229  3.673864  2.068031  3.106677  2.977431  2.173662  2.634590  2.305112  2.845804  2.808383  2.291311  2.425434  2.370653  2.683332  3.073223  2.313227  3.144900  4.204444  3.312281  2.333838  2.976411  2.611072  2.205162  1.894001  2.823181  3.099825
  3.042270  2.895615  3.361541  2.898721  3.016466  3.215459  0.000000  1.858439  2.004872  3.181277  2.740605  3.260000  3.142443  3.010857  3.028807  3.572233  3.324614  3.331668  3.159305  2.908778  3.118598  2.999353  2.753820  3.466933  3.943441  3.869133  2.882005  3.373255  2.997407  2.884775  3.403376  3.706325  2.430478  2.790996  2.790996  2.726976  2.962594  2.962594  2.962594  2.806595  2.822866  2.504997  2.269067  2.373778  2.585375  2.368342  2.558589  3.015160  4.190024  2.627156  2.797168  2.849912  2.951107  2.522503  2.706060  2.495925  3.717841  3.353778  3.127458  2.922473  3.370559  2.826848  2.943796  2.498743  3.301139  2.234171  4.090644  3.183229  3.047967  2.447266  2.418356  2.507912  2.505691  3.165819  3.551554  2.124577  3.445639  3.673305  2.614603  2.282669  2.700267  3.702212  2.886844  3.521523  2.614121
  2.953054  2.329056  3.020138  2.721107  3.034840  2.719497  1.858439  0.000000  0.675764  3.243451  2.444581  3.081335  2.475569  2.826077  2.578047  3.118271  2.374054  2.870645  2.419645  2.557222  2.938856  2.379111  2.851562  3.118898  3.356623  2.793518  2.414374  3.301750  2.879926  2.583071  2.956171  3.128595  2.702431  2.682347  2.682347  2.720814  3.222651  3.222651  3.222651  2.990687  2.660891  1.804361  1.669634  2.577809  3.036200  2.096880  3.085063  2.785034  3.739073  2.991972  2.722815  2.607091  2.447018  2.857972  2.777268  2.575593  2.980878  3.056657  2.578707  3.582811  3.120239  2.802764  2.716386  2.921932  2.672963  2.597471  3.263776  2.606632  2.761691  2.515026  2.635778  2.534443  2.445016  2.923858  3.074333  2.048627  2.934582  3.713261  2.817266  1.999412  3.536107  3.147167  2.718351  3.646914  2.187854
  2.434135  2.412360  2.754272  2.762366  3.107396  2.468429  2.004872  0.675764  0.000000  2.477616  2.459187  2.939872  2.861485  2.710547  2.743852  2.864461  2.601961  2.504797  2.825696  2.667433  2.962251  2.523090  2.686671  2.719851  3.465014  2.511220  2.316808  3.031703  3.006268  2.238510  2.561959  2.798643  2.825957  2.597097  2.597097  2.705066  3.278379  3.278379  3.278379  3.071322  2.700139  1.577639  1.671443  2.550290  2.898157  2.095400  2.897146  2.909112  3.317442  2.943054  2.451740  2.539857  2.467829  2.395875  2.217695  2.436766  3.535119  2.701473  3.935219  2.768676  2.974702  2.468773  2.378223  2.617242  2.900683  2.587406  3.275108  2.720697  2.642915  2.429247  2.604365  2.446541  2.346829  3.042557  3.472501  1.928019  2.674603  3.377337  2.926573  2.171993  3.344581  3.549150  4.310503  3.867514  2.196459
  0.498553  2.871196  0.510161  2.963774  2.737150  2.550923  3.181277  3.243451  2.477616  0.000000  2.893302  0.562644  2.924375  1.060473  2.486595  0.623247  2.861464  0.524029  3.079517  1.006935  2.529961  1.097462  2.655114  0.924402  2.747447  2.360836  2.085622  0.968621  3.178198  2.679953  2.389664  2.384754  2.990924  1.750704  1.750704  1.772976  1.742236  1.742236  1.742236  1.747817  2.726557  2.422089  2.589497  2.113564  1.777471  2.132203  1.735730  2.880746  2.926403  1.783115  1.962651  2.159776  2.120834  1.766304  2.337417  2.634902  2.614773  1.816222  3.139506  2.109871  2.174778  2.677463  2.235451  1.653742  2.207748  2.843106  2.652828  1.920635  2.643014  2.380905  2.419796  2.345729  3.275016  2.696209  1.916416  2.977990  2.396447  1.755155  2.287330  3.118039  2.789739  2.487127  3.799734  2.505889  2.790801
  2.672369  0.650827  3.248659  0.645219  2.939937  2.451994  2.740605  2.444581  2.459187  2.893302  0.000000  3.002087  0.757931  2.657976  1.185957  2.836665  0.933385  2.963830  0.777332  2.945160  1.330589  2.697029  1.229970  2.421808  1.116015  2.797916  2.156991  3.219711  1.448258  2.341546  2.692754  2.665192  2.179720  2.554040  2.554040  2.587137  2.743677  2.743677  2.743677  2.726741  2.328000  2.824216  2.800219  2.306680  2.516700  2.145826  2.526098  3.594950  3.275329  2.508081  2.806492  2.355258  1.992013  2.552354  2.206510  2.461756  3.208266  2.820350  2.528281  2.631825  2.551537  2.597368  3.217656  2.635135  2.728481  2.299159  2.548731  2.711494  2.180217  2.960466  2.664271  2.988454  2.597264  3.245971  2.814139  2.902599  2.848697  3.123887  2.750086  2.746283  2.682536  3.383044  2.840145  3.161308  3.439018
  0.641294  2.905850  0.414712  3.281622  2.643177  2.850595  3.260000  3.081335  2.939872  0.562644  3.002087  0.000000  3.045907  0.683403  2.337682  0.593012  3.047648  0.629643  3.564414  0.881407  2.492054  0.836652  2.569482  0.767635  2.749096  2.209343  2.262859  0.844781  2.857765  2.465965  2.160888  2.557832  2.575762  1.663942  1.663942  1.702705  1.684458  1.684458  1.684458  1.754237  2.666957  2.503062  2.409137  1.870090  1.844337  2.018817  1.814019  2.475591  3.097901  1.850025  1.816686  2.097429  2.020257  1.765537  2.202001  2.057817  2.477082  1.815291  3.328549  2.150558  2.393286  2.381206  2.188289  1.856938  2.133787  2.496623  2.564057  2.020786  2.397991  2.183273  2.393976  2.160150  2.741713  2.615145  1.983349  2.609626  2.664878  1.667764  2.083432  2.999830  2.284662  2.809974  3.436879  2.198325  2.948912
  2.773567  0.817820  3.577929  0.594403  2.723424  2.164882  3.142443  2.475569  2.861485  2.924375  0.757931  3.045907  0.000000  2.824989  1.269159  2.706891  0.939360  2.859460  0.869376  3.003788  1.270866  2.950279  1.266952  2.409106  1.041118  3.164511  2.613326  3.062292  1.445616  2.718331  2.944436  3.097945  2.325046  2.455712  2.455712  2.531719  2.772200  2.772200  2.772200  2.864397  2.353302  3.211777  3.055260  2.360493  2.670512  2.554135  2.668169  3.549341  3.569519  2.660011  2.725687  2.971808  2.172002  2.689284  2.436838  2.458743  2.759524  3.159855  2.506491  2.973190  3.276978  2.644704  3.387954  2.785717  3.204690  2.757926  2.384372  3.161208  2.750114  3.021027  2.640777  3.097498  2.896176  3.537387  2.927784  2.694018  3.457885  3.476953  2.877515  3.026819  2.708039  3.145977  2.497480  3.521151  3.892316
  0.958578  2.392451  0.857929  2.642108  2.629046  2.659899  3.010857  2.826077  2.710547  1.060473  2.657976  0.683403  2.824989  0.000000  2.578038  0.883258  2.888074  0.978828  2.863975  0.365866  2.634103  0.343487  2.784858  0.948873  2.912331  2.378958  2.238644  0.627785  2.707293  2.307819  2.174080  2.475349  2.356256  1.883280  1.883280  1.885401  1.670548  1.670548  1.670548  1.765036  2.343436  2.728469  2.537530  1.776182  1.745362  1.994480  1.722144  2.467254  3.079531  1.744402  1.743832  2.008128  1.896221  1.552333  1.876056  2.326428  2.485136  1.870151  3.007425  2.040064  2.288794  2.112008  2.525645  1.681153  1.772566  2.574917  2.346446  2.300707  2.566809  2.615847  2.283081  2.539286  2.453573  2.637339  2.173476  2.679352  2.541164  1.833955  2.224204  3.760651  2.390992  2.520579  3.117845  2.113709  2.902239
  2.270746  1.188313  2.665074  1.209536  2.357577  2.022939  3.028807  2.578047  2.743852  2.486595  1.185957  2.337682  1.269159  2.578038  0.000000  2.632148  1.240812  2.699226  1.139948  3.037598  0.307309  2.721836  0.287784  2.383692  1.178358  2.818413  2.134282  2.705005  0.696547  2.258667  2.474915  2.700689  1.858343  2.248780  2.248780  2.325614  2.588706  2.588706  2.588706  2.582595  1.987216  3.023276  2.926025  2.358751  2.405565  2.218819  2.403356  3.249369  3.142608  2.398208  2.602471  2.737317  2.025288  2.451961  2.346751  2.078492  2.372350  2.478003  2.006981  2.953177  2.977471  2.202769  3.094898  2.565539  2.771815  2.366297  2.275263  2.596327  2.490094  2.940645  2.435102  3.059858  2.854785  3.186440  2.451005  3.222594  3.178851  3.411742  2.557050  2.849398  2.669278  2.831142  2.062577  2.376810  2.819077
  0.729660  2.965173  0.748849  3.172683  2.351101  2.342020  3.572233  3.118271  2.864461  0.623247  2.836665  0.593012  2.706891  0.883258  2.632148  0.000000  2.882268  0.732850  3.165812  0.892023  2.619098  1.039914  2.807511  0.846915  2.703074  2.441316  2.146149  1.037873  3.135139  2.280214  2.252436  2.701697  2.445784  1.535133  1.535133  1.584671  1.748657  1.748657  1.748657  1.886095  2.498717  2.412090  2.383536  1.842291  1.823282  1.964005  1.781091  2.258617  2.814206  1.829070  1.840795  2.117343  2.019863  1.787115  2.266702  2.313310  2.390431  1.709146  3.104555  2.173683  2.141885  2.313185  2.352824  1.897289  2.119409  2.760670  2.401228  2.208586  2.544715  2.270212  2.497785  2.235708  2.624512  2.553776  1.939446  2.767581  2.323656  1.928285  2.191658  3.270011  2.702017  2.582988  3.441433  2.246686  2.933142
  2.771018  1.174621  3.241279  1.177828  2.873087  2.529359  3.324614  2.374054  2.601961  2.861464  0.933385  3.047648  0.939360  2.888074  1.240812  2.882268  0.000000  2.974508  1.234092  2.837777  1.276124  2.936540  1.263829  2.607668  0.972238  3.249239  2.230567  3.182616  1.473079  2.435643  2.961242  2.974620  2.424077  2.512631  2.512631  2.585040  2.867262  2.867262  2.867262  2.853634  2.225223  3.056935  3.253660  2.641199  2.637205  2.372844  2.648289  3.790960  4.163577  2.627749  2.784957  2.597591  2.137695  2.863409  2.426352  2.312453  2.965262  2.925528  2.689489  3.028079  3.080213  2.589890  3.620253  2.691959  2.626968  2.955970  2.376420  3.391311  2.139406  3.165643  2.687813  3.349135  2.826308  3.373389  2.517548  3.600686  3.315820  3.934801  3.684604  3.468705  2.972122  3.680325  2.844889  3.396925  3.978037
  0.279160  2.766131  0.618510  3.081375  2.880334  2.539131  3.331668  2.870645  2.504797  0.524029  2.963830  0.629643  2.859460  0.978828  2.699226  0.732850  2.974508  0.000000  3.357179  0.887428  2.665643  1.033603  2.797797  0.813432  2.909031  2.203186  2.214115  0.989288  2.905138  2.403056  2.099358  2.587578  2.647412  2.045941  2.045941  2.030004  1.912359  1.912359  1.912359  1.966165  2.602771  2.461680  2.408574  2.052238  1.915376  2.158027  1.876009  2.647746  2.859114  1.921632  2.099976  1.948180  1.943373  1.920465  2.402582  2.456018  2.941177  1.824341  3.240518  2.201293  2.235688  2.357330  2.498097  1.741773  2.061652  2.812350  2.700064  1.903432  2.909964  2.388108  2.307287  2.340055  2.935945  2.703216  2.213609  2.494638  2.564199  1.859055  2.002789  3.136568  2.645775  2.305260  3.768055  2.725374  2.874036
  2.968215  0.424326  3.896636  0.765295  2.762962  2.622562  3.159305  2.419645  2.825696  3.079517  0.777332  3.564414  0.869376  2.863975  1.139948  3.165812  1.234092  3.357179  0.000000  2.978357  1.356349  2.975837  1.238470  3.176663  1.194014  3.806955  2.781978  3.573065  1.624560  2.622321  3.629364  3.415641  2.755960  2.439909  2.439909  2.546426  2.614685  2.614685  2.614685  2.762320  3.034315  3.069143  2.848742  2.731744  2.584089  2.669152  2.581885  3.860313  3.381798  2.574596  3.043804  2.880236  2.276306  2.789003  2.473987  2.716045  3.231245  3.277096  3.188133  3.029606  3.031147  3.029510  3.335275  2.589438  3.089392  2.286211  2.341099  3.352836  2.553234  3.615570  2.644617  3.644722  2.842558  3.329514  2.806827  3.007682  3.719071  3.902442  3.048385  3.238223  2.750248  3.711857  4.265689  3.413003  3.296656
  0.946306  2.677312  0.860835  2.838469  2.993431  2.646195  2.908778  2.557222  2.667433  1.006935  2.945160  0.881407  3.003788  0.365866  3.037598  0.892023  2.837777  0.887428  2.978357  0.000000  2.931850  0.297423  2.869687  0.978107  3.302202  2.229609  2.205633  0.720884  3.375862  2.545559  2.214034  2.496852  2.561627  2.064042  2.064042  2.023016  2.134250  2.134250  2.134250  2.189525  2.507276  2.651507  2.558341  2.021499  1.945344  2.170076  1.922385  2.413229  3.335022  1.943475  1.878184  2.135213  2.081586  1.666784  2.044574  2.629633  2.684993  1.755964  3.187589  2.178027  2.248432  2.501959  2.320501  1.976446  1.775095  2.678369  2.417220  2.339421  2.710045  2.435081  2.449475  2.432585  2.624150  2.394417  2.239994  2.919630  2.329883  1.868111  2.417158  3.964610  2.415422  2.709971  3.264554  2.164919  2.860785
  2.373600  1.294558  2.653957  1.306308  2.508323  2.124918  3.118598  2.938856  2.962251  2.529961  1.330589  2.492054  1.270866  2.634103  0.307309  2.619098  1.276124  2.665643  1.356349  2.931850  0.000000  2.853916  0.170746  2.303439  1.137142  3.019003  2.272165  2.480749  0.720737  2.476975  2.540896  2.773063  2.091836  2.342688  2.342688  2.423523  2.576897  2.576897  2.576897  2.578909  2.094195  3.788174  3.361318  2.396833  2.424365  2.352030  2.422250  3.475683  3.200091  2.413680  2.932676  2.909175  2.121739  2.719221  2.414708  2.364503  2.557650  2.572331  2.260254  2.739397  3.035273  2.339004  3.241233  2.523521  2.908188  2.148781  2.211950  2.880974  2.516476  3.025244  2.286463  3.145105  2.989606  3.288546  2.502238  3.401508  3.328899  3.449263  2.811939  3.130290  2.758918  2.868987  2.568391  2.611732  3.198850
  1.026664  2.618866  0.876866  2.728849  3.027621  2.807283  2.999353  2.379111  2.523090  1.097462  2.697029  0.836652  2.950279  0.343487  2.721836  1.039914  2.936540  1.033603  2.975837  0.297423  2.853916  0.000000  2.814351  0.964789  3.138803  2.342610  2.169055  0.731553  2.983647  2.393291  2.315936  2.460605  2.483052  2.035311  2.035311  2.000343  1.961657  1.961657  1.961657  1.983775  2.476016  2.565870  2.511588  1.751815  1.961334  2.088827  1.961122  2.610896  3.408965  1.959447  1.957094  2.068940  2.066604  1.715393  2.016163  2.538913  2.869959  1.938375  3.030827  2.157894  2.233117  2.313380  2.357766  1.967773  1.905357  2.777646  2.572235  2.583902  2.844030  2.578249  2.544874  2.524395  2.504099  2.583899  2.047654  2.801421  2.552329  1.810235  2.481630  3.477949  2.631820  2.775783  2.910179  2.134748  2.778508
  2.452285  1.269997  2.727695  1.257644  2.475278  2.155522  2.753820  2.851562  2.686671  2.655114  1.229970  2.569482  1.266952  2.784858  0.287784  2.807511  1.263829  2.797797  1.238470  2.869687  0.170746  2.814351  0.000000  2.615495  1.290126  2.993426  2.127116  2.762147  0.754584  2.335070  2.468934  2.671789  2.150847  2.286240  2.286240  2.361717  2.648320  2.648320  2.648320  2.651243  2.163876  3.524430  3.166309  2.467659  2.553270  2.384851  2.551095  3.484354  3.276334  2.545008  2.662041  3.002336  2.149507  2.593873  2.443660  2.260441  2.545355  2.751454  2.313013  2.816145  3.019935  2.230313  2.982501  2.583096  2.895047  2.106695  2.254045  3.123436  2.735147  2.832133  2.471413  2.942356  2.824847  3.086765  2.634255  3.219874  3.278776  3.666106  2.732869  3.209274  2.528528  2.994186  2.526645  2.681988  2.986036
  0.747785  2.674658  0.835900  2.542737  2.643619  2.498621  3.466933  3.118898  2.719851  0.924402  2.421808  0.767635  2.409106  0.948873  2.383692  0.846915  2.607668  0.813432  3.176663  0.978107  2.303439  0.964789  2.615495  0.000000  2.440629  2.110458  2.087557  0.960472  2.619545  2.563903  2.214679  2.487787  2.557530  1.747216  1.747216  1.743779  1.857596  1.857596  1.857596  1.927782  2.428594  2.639770  2.577434  1.982781  1.957908  1.987067  1.924072  2.501682  3.710404  1.964434  2.061147  2.135250  2.169987  1.895468  1.893300  2.241279  2.495189  1.570040  3.118908  2.208725  2.368913  2.297397  2.544764  2.014156  2.300625  3.345660  2.536385  2.117627  2.835322  2.424207  2.664607  2.506100  2.808166  2.839113  2.103230  2.253286  2.425884  2.082441  2.527241  2.592868  2.370080  2.578031  2.934647  2.240162  3.097983
  2.663909  1.159339  2.905117  1.143679  3.010488  2.865774  3.943441  3.356623  3.465014  2.747447  1.116015  2.749096  1.041118  2.912331  1.178358  2.703074  0.972238  2.909031  1.194014  3.302202  1.137142  3.138803  1.290126  2.440629  0.000000  3.107356  2.578148  3.058823  1.432612  3.154889  2.785294  3.348085  2.354477  2.584806  2.584806  2.679655  2.734264  2.734264  2.734264  2.685067  2.658262  3.729556  3.779966  2.906923  2.477330  2.861907  2.487869  3.770781  4.311763  2.465040  3.242106  3.312815  2.701012  2.781100  3.030700  2.614408  3.377504  2.710149  2.760454  2.950125  2.857326  3.538939  3.575687  2.508141  3.940755  2.502041  2.712078  2.880616  2.652184  3.307169  2.519609  3.338134  3.701078  3.900460  2.858130  3.816196  3.183039  3.477341  3.886370  4.098494  2.541992  3.389234  3.781151  2.970671  4.084804
  2.145830  3.440696  2.280228  3.292179  2.792245  2.746746  3.869133  2.793518  2.511220  2.360836  2.797916  2.209343  3.164511  2.378958  2.818413  2.441316  3.249239  2.203186  3.806955  2.229609  3.019003  2.342610  2.993426  2.110458  3.107356  0.000000  0.815121  2.198730  3.116632  2.361751  0.538691  0.952104  3.141637  2.632204  2.632204  2.646998  2.523074  2.523074  2.523074  2.485276  3.036551  2.844307  2.321559  2.101681  2.430131  2.357455  2.374557  2.838233  2.454286  2.488259  2.462875  3.050011  2.736938  2.606674  2.795124  2.932437  2.857814  1.360421  4.694091  2.911025  1.078368  2.412903  2.793457  2.608000  2.737945  4.150275  2.883175  1.391896  3.909611  2.989998  3.464976  3.079729  2.619246  2.882006  3.198122  3.038419  1.211452  1.503307  3.534701  3.097865  2.253486  2.966477  4.856141  2.793844  3.195922
  2.167776  2.506733  2.217815  2.419676  2.546298  2.519121  2.882005  2.414374  2.316808  2.085622  2.156991  2.262859  2.613326  2.238644  2.134282  2.146149  2.230567  2.214115  2.781978  2.205633  2.272165  2.169055  2.127116  2.087557  2.578148  0.815121  0.000000  2.109057  2.185741  2.404512  0.889223  0.589100  2.347327  2.258518  2.258518  2.213279  1.935589  1.935589  1.935589  1.962253  2.228857  2.671083  2.267935  2.200667  2.403531  2.081313  2.354164  2.604382  2.330410  2.445205  2.256255  2.669913  2.307145  2.533836  2.558807  2.634048  2.709617  1.209492  3.115091  2.682764  1.045547  2.430231  2.541849  2.455107  2.657650  3.091590  2.376937  1.316901  2.926517  2.674841  2.708287  2.693604  2.535554  2.524247  2.501471  2.998319  1.089422  1.387309  3.125006  2.707155  2.196824  2.974325  3.434697  2.776079  2.596552
  1.013626  3.031214  0.970233  3.100413  2.895870  3.223186  3.373255  3.301750  3.031703  0.968621  3.219711  0.844781  3.062292  0.627785  2.705005  1.037873  3.182616  0.989288  3.573065  0.720884  2.480749  0.731553  2.762147  0.960472  3.058823  2.198730  2.109057  0.000000  3.326348  2.564167  1.991561  2.349983  2.694820  1.923551  1.923551  1.929445  2.129252  2.129252  2.129252  2.151116  2.758352  3.039081  3.028820  2.110152  2.006601  2.255623  1.987371  2.316083  3.185495  2.013806  2.164671  2.126475  2.057688  1.961947  2.169611  2.658038  2.470563  1.672423  3.610407  2.466440  2.333241  2.015244  2.312277  2.073852  2.091040  2.992088  2.606619  2.225553  2.749192  2.193366  2.306065  2.243620  3.176663  2.649490  2.465864  3.000396  2.491944  1.675830  2.817769  4.156599  2.568695  2.577614  3.852163  2.389093  3.324466
  2.583361  1.351876  3.183337  1.555924  2.610435  2.462283  2.997407  2.879926  3.006268  3.178198  1.448258  2.857765  1.445616  2.707293  0.696547  3.135139  1.473079  2.905138  1.624560  3.375862  0.720737  2.983647  0.754584  2.619545  1.432612  3.116632  2.185741  3.326348  0.000000  2.616038  2.582474  3.191308  1.883506  2.701666  2.701666  2.768614  2.839256  2.839256  2.839256  2.830998  2.138624  3.690819  3.462662  2.307586  2.801577  2.334261  2.789762  3.224114  2.797073  2.780294  3.173095  3.145884  2.317193  2.577933  2.393850  2.444057  2.540490  2.785628  2.138782  3.407984  3.311311  2.484782  3.625136  2.804921  3.320468  2.338025  2.455173  2.850628  2.721314  2.879140  2.482761  2.865434  2.652584  3.362933  2.635316  3.429366  3.206959  3.879925  3.179032  3.268767  2.672590  2.888735  2.275358  2.500936  4.127666
  2.335952  2.630922  2.593550  2.758419  1.918677  2.051729  2.884775  2.583071  2.238510  2.679953  2.341546  2.465965  2.718331  2.307819  2.258667  2.280214  2.435643  2.403056  2.622321  2.545559  2.476975  2.393291  2.335070  2.563903  3.154889  2.361751  2.404512  2.564167  2.616038  0.000000  2.707654  2.704514  1.911576  2.310310  2.310310  2.275055  2.362578  2.362578  2.362578  2.444108  2.119445  2.444239  2.184973  1.896079  2.154087  1.329634  2.206698  2.379778  2.169399  2.185482  2.111925  1.744632  1.902475  2.426159  1.464935  1.950293  1.649990  2.379000  2.262876  1.947977  3.097844  0.511754  2.269733  2.185009  1.998528  1.876372  1.798983  2.739096  2.229203  2.132759  2.419852  2.159596  0.062057  2.544275  1.701044  2.143755  2.786740  2.973505  1.907883  2.893350  2.496132  2.437145  2.198060  2.739693  2.876753
  2.238424  3.252015  2.325372  3.028590  2.801217  2.408731  3.403376  2.956171  2.561959  2.389664  2.692754  2.160888  2.944436  2.174080  2.474915  2.252436  2.961242  2.099358  3.629364  2.214034  2.540896  2.315936  2.468934  2.214679  2.785294  0.538691  0.889223  1.991561  2.582474  2.707654  0.000000  1.051874  2.810540  2.555993  2.555993  2.528945  2.433963  2.433963  2.433963  2.462392  2.754731  2.484248  2.366386  2.274400  2.350798  2.511994  2.306282  3.175036  3.036427  2.388543  2.566380  3.519397  2.537007  2.564609  2.853731  2.677147  3.610553  1.321142  4.288266  3.336182  1.198552  2.313781  2.979283  2.370435  2.765115  3.399825  3.261063  1.448062  3.850204  2.637587  3.066553  2.694330  3.158510  3.031478  3.216947  2.750286  1.164450  1.314966  3.058460  2.787985  2.276020  2.896015  5.835508  2.368722  2.684984
  2.556274  3.009695  2.489204  2.908584  3.409123  3.672330  3.706325  3.128595  2.798643  2.384754  2.665192  2.557832  3.097945  2.475349  2.700689  2.701697  2.974620  2.587578  3.415641  2.496852  2.773063  2.460605  2.671789  2.487787  3.348085  0.952104  0.589100  2.349983  3.191308  2.704514  1.051874  0.000000  3.018659  3.016271  3.016271  2.963472  2.378407  2.378407  2.378407  2.420771  2.770895  2.910540  2.592653  2.693641  2.813685  2.231002  2.727751  2.417423  2.556796  2.869138  2.775211  2.966317  2.342967  2.940294  2.786957  2.979528  2.746447  1.304475  3.818701  2.813912  1.098624  2.632873  2.576417  2.902189  2.666894  3.740219  2.422448  1.821314  3.820613  3.138432  3.928062  3.208768  3.088769  2.958897  2.934285  2.930379  1.115812  1.667051  3.629196  3.087068  2.330209  3.204687  4.507156  3.217141  3.322820
  2.604002  2.365579  2.878202  2.380216  1.748107  2.151094  2.430478  2.702431  2.825957  2.990924  2.179720  2.575762  2.325046  2.356256  1.858343  2.445784  2.424077  2.647412  2.755960  2.561627  2.091836  2.483052  2.150847  2.557530  2.354477  3.141637  2.347327  2.694820  1.883506  1.911576  2.810540  3.018659  0.000000  2.350425  2.350425  2.324599  2.159000  2.159000  2.159000  2.141776  0.476857  2.813332  2.508765  2.176565  2.341147  1.718091  2.282494  2.469373  2.617849  2.386377  2.052337  2.412213  2.393289  2.443091  2.315199  1.665214  2.392991  2.333710  0.777981  2.208032  2.785227  2.143630  2.577684  2.167462  2.642950  2.515645  2.219842  2.483885  2.092445  2.327663  2.415954  2.195697  1.858282  2.203811  2.083240  3.063058  2.954969  2.978704  2.481719  3.250316  2.187967  2.763319  1.069756  2.646945  3.260377
  1.925466  2.646841  1.747293  2.896341  2.761935  2.721697  2.790996  2.682347  2.597097  1.750704  2.554040  1.663942  2.455712  1.883280  2.248780  1.535133  2.512631  2.045941  2.439909  2.064042  2.342688  2.035311  2.286240  1.747216  2.584806  2.632204  2.258518  1.923551  2.701666  2.310310  2.555993  3.016271  2.350425  0.000000  0.000010  0.023999  0.580734  0.580734  0.580734  0.592762  2.582412  2.641531  2.598032  1.437486  0.636169  1.874431  0.632243  2.913339  2.827927  0.644606  1.300606  1.528524  2.242731  1.332557  2.369495  2.124862  2.469896  1.870521  3.208260  2.145929  2.535030  2.640272  2.229850  0.783380  2.225277  2.702485  2.140038  2.498850  2.640445  2.869203  2.855713  2.832707  2.340691  2.797468  2.484389  2.704587  2.702107  2.176374  2.565746  2.982478  2.074991  3.206852  2.634919  2.361018  2.793011
  1.925466  2.646841  1.747293  2.896341  2.761935  2.721697  2.790996  2.682347  2.597097  1.750704  2.554040  1.663942  2.455712  1.883280  2.248780  1.535133  2.512631  2.045941  2.439909  2.064042  2.342688  2.035311  2.286240  1.747216  2.584806  2.632204  2.258518  1.923551  2.701666  2.310310  2.555993  3.016271  2.350425  0.000010  0.000000  0.023999  0.580734  0.580734  0.580734  0.592762  2.582412  2.641531  2.598032  1.437486  0.636169  1.874431  0.632243  2.913339  2.827927  0.644606  1.300606  1.528524  2.242731  1.332557  2.369495  2.124862  2.469896  1.870521  3.208260  2.145929  2.535030  2.640272  2.229850  0.783380  2.225277  2.702485  2.140038  2.498850  2.640445  2.869203  2.855713  2.832707  2.340691  2.797468  2.484389  2.704587  2.702107  2.176374  2.565746  2.982478  2.074991  3.206852  2.634919  2.361018  2.793011
  1.910174  2.728653  1.734720  3.006158  2.681485  2.694647  2.726976  2.720814  2.705066  1.772976  2.587137  1.702705  2.531719  1.885401  2.325614  1.584671  2.585040  2.030004  2.546426  2.023016  2.423523  2.000343  2.361717  1.743779  2.679655  2.646998  2.213279  1.929445  2.768614  2.275055  2.528945  2.963472  2.324599  0.023999  0.023999  0.000000  0.592274  0.592274  0.592274  0.604439  2.584764  2.655890  2.554770  1.410437  0.637603  1.844493  0.633669  2.827769  2.959603  0.646046  1.286728  1.519766  2.248498  1.329134  2.353595  2.108767  2.492432  1.845694  3.128378  2.117141  2.466142  2.618102  2.236587  0.766598  2.179436  2.720289  2.088177  2.577395  2.636024  2.800053  2.851775  2.769161  2.285165  2.744505  2.461895  2.672318  2.638457  2.123599  2.524005  2.990942  2.009526  3.203778  2.544553  2.409780  2.723272
  1.854608  2.506567  1.788429  2.930522  2.726587  2.970009  2.962594  3.222651  3.278379  1.742236  2.743677  1.684458  2.772200  1.670548  2.588706  1.748657  2.867262  1.912359  2.614685  2.134250  2.576897  1.961657  2.648320  1.857596  2.734264  2.523074  1.935589  2.129252  2.839256  2.362578  2.433963  2.378407  2.159000  0.580734  0.580734  0.592274  0.000000  0.000010  0.000010  0.092842  2.427385  2.726702  2.362590  1.436094  0.679856  1.940293  0.675396  2.970162  2.934553  0.694113  1.440814  1.911043  2.277911  1.367479  2.292469  1.919379  2.671813  1.904660  2.952400  1.948351  2.275324  2.457139  2.320147  0.790249  2.199522  2.944040  2.116191  2.477077  2.878885  3.036171  2.990276  2.873809  2.569083  2.773364  2.279351  2.790820  2.374930  2.028057  2.570163  2.791897  2.311106  3.162227  2.488793  2.687429  2.832989
  1.854608  2.506567  1.788429  2.930522  2.726587  2.970009  2.962594  3.222651  3.278379  1.742236  2.743677  1.684458  2.772200  1.670548  2.588706  1.748657  2.867262  1.912359  2.614685  2.134250  2.576897  1.961657  2.648320  1.857596  2.734264  2.523074  1.935589  2.129252  2.839256  2.362578  2.433963  2.378407  2.159000  0.580734  0.580734  0.592274  0.000010  0.000000  0.000010  0.092842  2.427385  2.726702  2.362590  1.436094  0.679856  1.940293  0.675396  2.970162  2.934553  0.694113  1.440814  1.911043  2.277911  1.367479  2.292469  1.919379  2.671813  1.904660  2.952400  1.948351  2.275324  2.457139  2.320147  0.790249  2.199522  2.944040  2.116191  2.477077  2.878885  3.036171  2.990276  2.873809  2.569083  2.773364  2.279351  2.790820  2.374930  2.028057  2.570163  2.791897  2.311106  3.162227  2.488793  2.687429  2.832989
  1.854608  2.506567  1.788429  2.930522  2.726587  2.970009  2.962594  3.222651  3.278379  1.742236  2.743677  1.684458  2.772200  1.670548  2.588706  1.748657  2.867262  1.912359  2.614685  2.134250  2.576897  1.961657  2.648320  1.857596  2.734264  2.523074  1.935589  2.129252  2.839256  2.362578  2.433963  2.378407  2.159000  0.580734  0.580734  0.592274  0.000010  0.000010  0.000000  0.092842  2.427385  2.726702  2.362590  1.436094  0.679856  1.940293  0.675396  2.970162  2.934553  0.694113  1.440814  1.911043  2.277911  1.367479  2.292469  1.919379  2.671813  1.904660  2.952400  1.948351  2.275324  2.457139  2.320147  0.790249  2.199522  2.944040  2.116191  2.477077  2.878885  3.036171  2.990276  2.873809  2.569083  2.773364  2.279351  2.790820  2.374930  2.028057  2.570163  2.791897  2.311106  3.162227  2.488793  2.687429  2.832989
  1.882468  2.498461  1.901374  2.859436  2.749139  2.942350  2.806595  2.990687  3.071322  1.747817  2.726741  1.754237  2.864397  1.765036  2.582595  1.886095  2.853634  1.966165  2.762320  2.189525  2.578909  1.983775  2.651243  1.927782  2.685067  2.485276  1.962253  2.151116  2.830998  2.444108  2.462392  2.420771  2.141776  0.592762  0.592762  0.604439  0.092842  0.092842  0.092842  0.000000  2.430490  2.728285  2.306950  1.457085  0.654158  1.904598  0.649880  3.016423  3.157560  0.668354  1.457541  1.890297  2.389427  1.388945  2.301942  1.947745  2.805240  1.849494  2.800555  2.042484  2.413993  2.620847  2.390903  0.722651  2.233735  2.960041  2.315104  2.441572  2.843781  3.173092  3.000987  2.965684  2.507202  2.898899  2.261387  2.794880  2.456755  2.184173  2.760533  2.683996  2.276117  3.161194  2.468108  2.699023  2.804096
  2.497383  2.819518  2.904640  2.610554  2.029817  2.007424  2.822866  2.660891  2.700139  2.726557  2.328000  2.666957  2.353302  2.343436  1.987216  2.498717  2.225223  2.602771  3.034315  2.507276  2.094195  2.476016  2.163876  2.428594  2.658262  3.036551  2.228857  2.758352  2.138624  2.119445  2.754731  2.770895  0.476857  2.582412  2.582412  2.584764  2.427385  2.427385  2.427385  2.430490  0.000000  2.667712  2.514065  2.464259  2.695739  1.814948  2.630518  2.573470  2.793712  2.727966  2.397362  2.735309  2.406684  2.709730  2.249079  2.128312  2.839954  2.566880  0.813729  2.530090  3.068660  2.455414  2.854769  2.426280  2.840300  2.611977  2.258652  2.857973  2.455266  2.544996  2.437058  2.499707  2.116963  2.306607  2.252018  2.920699  3.371288  3.063138  2.871455  3.047802  2.435448  2.876605  1.012958  3.025229  3.433561
  2.288099  3.246399  2.652547  3.183359  3.187233  3.082534  2.504997  1.804361  1.577639  2.422089  2.824216  2.503062  3.211777  2.728469  3.023276  2.412090  3.056935  2.461680  3.069143  2.651507  3.788174  2.565870  3.524430  2.639770  3.729556  2.844307  2.671083  3.039081  3.690819  2.444239  2.484248  2.910540  2.813332  2.641531  2.641531  2.655890  2.726702  2.726702  2.726702  2.728285  2.667712  0.000000  0.542366  2.874188  2.757956  2.135434  2.688939  3.064040  3.286632  2.771862  2.489232  2.689720  2.183546  2.529520  2.247709  2.833181  3.192338  2.905695  3.852719  3.113567  2.522245  2.371836  2.800597  2.697096  2.987965  3.183981  3.566012  2.761515  3.425466  2.803672  2.950566  2.775103  2.843614  4.533204  2.735625  1.589476  2.557892  2.805000  3.372190  1.886366  3.300451  3.205450  5.350493  2.849123  2.133290
  2.070981  2.836060  2.501987  2.880177  2.828725  2.796042  2.269067  1.669634  1.671443  2.589497  2.800219  2.409137  3.055260  2.537530  2.926025  2.383536  3.253660  2.408574  2.848742  2.558341  3.361318  2.511588  3.166309  2.577434  3.779966  2.321559  2.267935  3.028820  3.462662  2.184973  2.366386  2.592653  2.508765  2.598032  2.598032  2.554770  2.362590  2.362590  2.362590  2.306950  2.514065  0.542366  0.000000  2.417925  2.714166  2.270871  2.649235  2.843393  3.002617  2.727069  2.357479  2.613219  2.345435  2.449114  1.868668  2.154145  2.848348  2.531069  3.182143  2.610703  2.380624  2.432943  2.841034  2.584039  3.079640  2.920428  2.751752  2.386185  2.922102  2.551834  2.655063  2.526528  2.481711  3.534376  2.554840  1.416576  2.409282  2.689388  2.573553  1.731331  3.313135  2.896381  3.418919  2.742706  2.072761
  1.876245  2.502305  1.977492  2.631434  2.522233  2.282182  2.373778  2.577809  2.550290  2.113564  2.306680  1.870090  2.360493  1.776182  2.358751  1.842291  2.641199  2.052238  2.731744  2.021499  2.396833  1.751815  2.467659  1.982781  2.906923  2.101681  2.200667  2.110152  2.307586  1.896079  2.274400  2.693641  2.176565  1.437486  1.437486  1.410437  1.436094  1.436094  1.436094  1.457085  2.464259  2.874188  2.417925  0.000000  1.465999  2.183078  1.458141  2.525163  2.917297  1.491161  1.437592  2.091361  1.969271  1.540978  2.036175  1.972158  2.218333  1.910502  2.649448  2.331288  2.019046  1.900404  2.475155  1.480073  2.285180  2.498502  1.957661  2.213480  2.399400  2.334268  2.886107  2.368511  2.010744  2.443177  2.303005  2.151052  2.476244  2.373207  2.343157  2.649805  2.308237  2.301442  2.972569  2.367103  3.130793
  1.762452  2.669038  1.914319  2.739939  2.808986  2.862557  2.585375  3.036200  2.898157  1.777471  2.516700  1.844337  2.670512  1.745362  2.405565  1.823282  2.637205  1.915376  2.584089  1.945344  2.424365  1.961334  2.553270  1.957908  2.477330  2.430131  2.403531  2.006601  2.801577  2.154087  2.350798  2.813685  2.341147  0.636169  0.636169  0.637603  0.679856  0.679856  0.679856  0.654158  2.695739  2.757956  2.714166  1.465999  0.000000  1.759976  0.016127  2.784200  3.255707  0.008064  1.548230  1.763404  2.303924  1.447879  2.317939  1.927208  2.608912  1.917875  3.128932  2.200061  2.648523  2.747559  2.608501  0.021948  2.078121  2.412430  1.930435  2.238999  2.483508  2.876390  2.678810  2.780227  2.038253  2.983352  2.637847  2.511457  2.672669  2.158036  2.570556  2.924325  2.260334  2.738841  2.699867  2.349725  2.637737
