85
B9FU30_ORYSJ_284-472	B9FU30_ORYSJ_849-1024	Q5Z6I4_ORYSJ_261-445	Q5Z6I4_ORYSJ_857-1036	D0NKW7_PHYIT_491-663	D0NKW7_PHYIT_696-864	Q22US2_TETTS_932-1154	Q22US2_TETTS_1211-1402	Q22US2_TETTS_1444-1649	B9G1J5_ORYSJ_289-475	B9G1J5_ORYSJ_898-1071	C2GR1_ARATH_236-423	C2GR1_ARATH_844-1019	A9TQ08_PHYPA_235-415	A9TQ08_PHYPA_826-1012	C2GR2_ARATH_238-426	C2GR2_ARATH_849-1023	B9F3V9_ORYSJ_332-515	B9F3V9_ORYSJ_899-1075	A9SDA2_PHYPA_232-412	A9SDA2_PHYPA_817-1004	A9TQF1_PHYPA_224-401	A9TQF1_PHYPA_820-1003	Q7XKT6_ORYSJ_248-436	Q7XKT6_ORYSJ_859-1033	YSP2_YEAST_841-1021	YSP2_YEAST_1046-1230	A9RSX7_PHYPA_212-394	A9RSX7_PHYPA_807-992	F4HVW5_ARATH_257-449	YHO0_YEAST_751-934	YHO0_YEAST_957-1143	B9G4K6_ORYSJ_394-582	GRM1B_HUMAN_55-233	GRM1B_HUMAN_321-502	GRM1B_MOUSE_321-502	GRM1C_HUMAN_107-289	GRM1C_HUMAN_312-494	B3KUR5_HUMAN_45-223	GRM1C_MOUSE_107-289	Q8W4D4_ARATH_391-576	I7M7X5_TETTS_1013-1226	I7M7X5_TETTS_1307-1507	Q2MGF5_CAEEL_57-244	J3KR86_HUMAN_127-303	Q55FU7_DICDI_479-662	GRM1A_MOUSE_365-539	C4M0I0_ENTHI_201-371	C4M0I0_ENTHI_381-531	B3KQF7_HUMAN_127-303	Q8MRR1_DROME_41-220	Q86AF7_DICDI_286-471	D0MXP9_PHYIT_957-1148	Q8MKJ8_DROME_144-324	D0NMG0_PHYIT_279-489	B8C8I7_THAPS_81-294	Q22XZ6_TETTS_144-333	Q4P940_USTMA_827-1016	B9F0Z0_ORYSJ_387-537	B8BQ30_THAPS_365-549	V5IMN0_NEUCR_493-676	B9G4T6_ORYSJ_322-427	Q55CZ7_DICDI_2-179	F8WJ74_MOUSE_365-496	Q86AF6_DICDI_540-708	B8CDL4_THAPS_224-415	D0NJ57_PHYIT_385-538	YL072_YEAST_390-578	B8C2T9_THAPS_869-1064	Q4QEC5_LEIMA_378-547	B8CDL2_THAPS_184-373	Q4QEC6_LEIMA_54-221	Q8VZF8_ARATH_257-370	Q4Q507_LEIMA_35-214	C4LUM2_ENTHI_46-249	I7MCY9_TETTS_788-993	Q5BB65_EMENI_853-1030	YFE2_YEAST_402-586	B8BUE2_THAPS_254-437	Q23QL2_TETTS_311-513	Q7RWT3_NEUCR_945-1126	D0NHH4_PHYIT_394-641	Q6K8R7_ORYSJ_365-458	B8LDM5_THAPS_929-1109	I7M5W4_TETTS_346-560
0.00	218.40	63.84	216.06	202.68	195.85	207.47	205.24	196.88	52.86	203.38	63.43	228.98	100.10	182.66	72.13	227.21	29.01	239.40	100.10	187.27	101.49	189.85	78.62	201.73	178.31	164.37	99.73	223.41	195.55	190.30	169.79	208.74	156.69	158.79	158.79	150.08	150.08	153.71	147.35	207.18	194.66	176.93	163.27	149.43	185.09	148.02	195.15	217.92	149.43	189.54	164.66	186.88	164.37	196.19	208.28	192.78	164.66	217.92	181.40	175.35	184.47	220.04	147.09	163.74	217.55	205.06	174.65	266.70	193.29	208.28	182.22	234.08	230.27	178.94	197.66	178.40	134.08	193.12	221.82	223.51	188.37	243.00	189.67	219.24
218.40	0.00	230.75	69.78	201.93	185.92	189.21	186.39	190.00	211.12	70.37	237.59	81.35	192.34	140.25	223.51	108.04	215.86	42.53	201.64	142.77	199.23	135.41	193.12	121.79	242.14	225.42	229.87	147.35	190.78	220.91	251.98	206.65	181.59	181.59	181.59	202.56	202.56	202.56	188.42	223.51	278.60	229.74	182.35	180.82	204.20	183.36	231.68	241.20	180.82	232.11	200.84	185.70	198.42	156.69	190.48	212.77	187.24	236.78	172.35	205.84	179.31	236.47	190.85	247.41	175.35	198.24	244.02	172.44	201.03	198.42	193.95	192.48	279.72	233.03	199.23	224.52	277.49	218.29	255.31	265.98	271.27	226.09	222.81	208.62
63.84	230.75	0.00	253.91	197.55	191.01	229.87	209.85	183.87	55.01	240.26	43.87	228.10	85.45	192.57	70.41	209.45	64.78	346.67	91.04	196.96	89.24	192.57	83.21	196.79	181.40	173.90	87.99	240.30	212.28	185.38	169.09	213.08	140.08	138.92	138.92	145.30	145.30	148.02	148.02	201.56	214.42	193.50	153.58	152.31	201.56	153.85	190.48	250.43	152.31	162.94	194.06	174.63	140.76	205.61	218.40	191.32	138.46	231.73	198.45	178.31	177.87	202.56	150.87	186.03	251.98	217.92	167.87	216.06	171.35	208.28	162.23	255.85	206.09	176.08	261.67	170.96	140.76	183.87	243.18	251.98	196.19	207.18	180.99	207.47
216.06	69.78	253.91	0.00	226.82	176.20	224.52	216.34	233.95	204.82	66.14	210.69	63.81	190.78	132.74	216.06	108.58	233.39	77.86	196.09	135.67	195.30	132.74	179.77	115.60	256.61	214.16	212.77	150.70	224.37	239.31	215.86	207.47	190.78	188.78	188.78	207.47	207.47	205.02	207.47	205.84	276.37	208.48	211.95	189.21	191.56	187.63	239.22	227.44	189.21	243.08	196.88	184.14	217.55	187.24	214.76	220.08	218.40	173.54	194.50	204.20	199.23	242.19	190.85	245.35	192.10	164.93	244.96	178.40	232.21	191.56	239.11	265.88	279.72	223.51	225.42	224.52	247.11	216.53	230.71	214.16	235.77	186.13	245.35	285.66
202.68	201.93	197.55	226.82	0.00	91.63	227.49	193.29	191.84	226.56	219.96	197.55	225.85	187.22	183.06	197.55	196.60	201.82	225.85	196.70	183.06	212.98	192.43	183.62	213.56	180.35	201.93	196.70	178.70	152.64	196.70	232.64	144.36	231.68	231.68	224.69	195.00	195.00	195.00	200.10	150.29	212.98	197.55	196.70	224.69	140.05	218.18	154.15	169.64	224.69	190.17	174.56	177.79	200.96	175.35	184.92	200.96	181.18	168.47	166.19	182.81	156.81	153.54	203.94	163.82	188.86	136.03	208.11	157.38	168.52	190.17	172.26	167.18	222.72	194.84	204.39	226.56	268.53	187.63	239.22	203.54	184.14	158.96	199.23	232.64
195.85	185.92	191.01	176.20	91.63	0.00	207.24	197.48	180.35	206.36	181.37	195.85	176.20	190.17	162.23	173.76	185.92	199.23	200.13	185.56	169.73	209.38	173.71	186.39	194.84	180.35	173.71	217.26	186.78	159.18	191.84	219.09	174.56	185.56	185.56	185.56	188.48	188.48	188.48	193.29	166.97	191.01	170.69	186.39	176.98	145.03	181.18	156.85	181.59	176.98	188.48	170.69	177.79	199.23	192.90	169.30	190.17	195.00	159.32	184.73	207.24	165.90	221.86	194.66	167.51	181.18	159.86	179.40	166.97	220.00	172.06	212.09	178.31	240.21	175.35	196.70	219.09	208.11	182.22	183.90	200.10	183.36	144.27	234.22	200.96
207.47	189.21	229.87	224.52	227.49	207.24	0.00	146.78	138.39	215.01	190.78	217.55	243.08	228.98	213.60	228.10	211.12	233.03	207.78	221.78	225.23	219.17	191.56	243.08	297.51	254.88	181.40	228.10	209.45	203.10	237.75	230.35	189.85	209.45	209.45	209.45	219.17	219.17	219.17	202.56	189.11	154.55	154.22	185.38	181.59	178.31	185.70	205.02	239.00	181.59	207.78	185.38	212.28	203.38	171.90	214.42	236.01	201.56	188.95	188.78	258.74	162.82	212.77	182.60	219.17	171.90	209.30	222.58	215.45	161.47	206.39	170.69	208.93	221.78	241.20	159.84	247.76	236.88	194.81	154.97	284.19	330.28	172.67	250.54	189.50
205.24	186.39	209.85	216.34	193.29	197.48	146.78	0.00	70.40	233.60	195.00	199.23	188.86	227.49	216.53	220.00	177.79	191.01	223.75	208.11	222.72	190.17	226.56	214.76	229.74	199.23	168.52	233.60	191.01	172.35	247.11	208.62	203.38	196.70	196.70	196.70	205.48	205.48	205.48	205.48	184.14	150.64	133.05	198.39	212.98	189.67	219.09	187.22	242.44	212.98	211.19	188.86	207.78	247.41	213.30	172.35	254.58	238.37	184.20	225.62	212.44	174.14	189.21	203.94	205.24	227.49	196.12	174.58	215.86	193.29	218.18	191.56	175.35	232.64	267.41	164.93	243.18	213.30	181.78	154.26	307.05	232.11	203.71	278.60	158.06
196.88	190.00	183.87	233.95	191.84	180.35	138.39	70.40	0.00	196.09	185.70	201.64	224.52	222.65	221.78	201.64	194.50	191.56	233.03	216.71	215.86	222.65	205.02	206.65	237.42	225.23	187.24	222.65	210.29	169.09	209.08	222.58	196.19	201.64	201.64	206.65	201.64	201.64	201.64	206.65	183.62	146.86	132.73	181.40	192.34	199.23	195.30	209.45	264.25	192.34	183.87	209.08	195.43	192.34	175.35	173.10	275.50	191.06	222.99	217.68	228.65	174.08	207.78	180.35	242.19	186.54	214.20	192.57	203.86	180.35	204.63	184.73	191.97	217.55	255.59	175.35	215.24	215.24	212.77	169.07	329.70	255.16	224.11	281.96	168.60
52.86	211.12	55.01	204.82	226.56	206.36	215.01	233.60	196.09	0.00	202.56	56.71	192.90	99.87	216.06	70.42	202.56	54.60	261.67	100.48	235.14	100.87	234.27	93.99	191.29	205.84	164.79	92.49	289.79	216.87	191.56	166.95	221.75	150.13	152.21	152.21	150.08	150.08	150.13	144.69	204.03	196.88	207.24	171.08	148.73	175.35	147.32	204.39	187.63	148.73	173.17	166.48	176.10	160.47	198.45	228.98	178.23	171.80	229.59	184.63	168.91	196.55	186.03	139.04	180.20	211.12	224.03	172.52	225.23	171.35	207.47	162.23	272.81	205.24	185.09	243.08	173.86	143.92	190.00	220.91	259.65	198.45	217.68	204.39	221.78
203.38	70.37	240.26	66.14	219.96	181.37	190.78	195.00	185.70	202.56	0.00	220.04	85.73	213.30	134.46	208.62	95.80	231.19	84.29	213.30	139.40	211.58	127.49	184.92	113.62	226.31	211.58	239.31	147.33	184.92	221.78	234.86	186.47	206.09	206.09	206.09	209.85	209.85	209.85	215.65	215.86	205.02	221.86	176.88	182.57	202.56	182.57	249.47	223.10	182.57	243.18	194.50	177.64	229.35	162.23	209.85	228.98	194.50	183.93	183.36	205.02	184.96	235.51	189.78	238.22	197.61	209.77	234.86	191.56	233.21	225.42	247.76	191.10	261.72	209.85	228.98	220.91	242.14	212.44	192.67	220.04	229.87	178.31	301.53	250.03
63.43	237.59	43.87	210.69	197.55	195.85	217.55	199.23	201.64	56.71	220.04	0.00	205.02	70.40	189.85	65.47	194.50	62.22	371.81	85.45	194.81	80.98	194.06	77.41	201.73	173.90	173.90	78.80	212.28	199.23	170.36	179.77	203.10	130.43	132.41	134.75	127.92	127.92	130.43	134.75	184.35	209.08	198.39	160.17	155.28	177.51	153.85	200.06	225.06	155.28	170.36	171.20	174.63	155.11	200.78	193.12	187.99	154.94	231.73	208.28	171.08	165.90	184.14	154.81	173.81	196.88	193.74	167.87	210.69	163.82	189.54	155.28	205.79	200.90	181.95	230.75	160.79	143.34	172.44	221.82	188.01	210.69	207.18	176.93	237.59
228.98	81.35	228.10	63.81	225.85	176.20	243.08	188.86	224.52	192.90	85.73	205.02	0.00	199.23	137.80	189.21	97.11	212.44	90.82	208.62	142.77	223.62	140.76	194.50	107.27	208.62	192.90	220.04	147.33	200.03	216.71	200.84	196.88	174.58	174.58	174.58	169.30	169.30	169.30	180.99	205.84	233.95	201.82	180.05	182.57	201.73	186.83	205.48	236.52	182.57	215.65	202.56	178.40	205.24	187.24	195.97	201.64	215.86	178.05	189.67	190.78	233.52	247.11	189.78	249.47	216.53	173.47	227.21	206.65	205.74	216.53	198.32	186.93	305.67	264.91	208.62	200.90	211.12	175.35	229.74	206.09	244.02	162.94	273.78	251.01
100.10	192.34	85.45	190.78	187.22	190.17	228.98	227.49	222.65	99.87	213.30	70.40	199.23	0.00	225.23	80.27	226.31	99.25	251.98	40.20	208.28	33.53	225.23	91.89	223.62	184.63	178.40	63.11	223.51	179.04	188.78	200.01	179.04	155.99	155.99	159.06	157.63	157.63	157.63	157.63	171.80	231.63	220.00	145.99	143.92	186.13	142.53	190.48	257.05	143.92	174.61	168.38	185.38	136.22	168.38	223.51	188.37	166.95	222.99	187.24	157.39	171.70	239.31	136.59	147.30	175.35	181.81	186.88	186.88	202.82	174.61	185.92	191.56	210.72	189.54	223.51	181.59	156.69	187.24	250.49	200.84	205.61	196.19	168.52	251.98
182.66	140.25	192.57	132.74	183.06	162.23	213.60	216.53	221.78	216.06	134.46	189.85	137.80	225.23	0.00	206.39	125.95	204.82	129.22	225.23	35.20	205.84	32.01	173.94	126.15	211.95	189.54	200.01	75.74	181.95	208.28	209.89	185.82	187.24	189.54	189.54	207.47	207.47	205.84	207.47	169.09	217.55	208.99	200.01	215.01	186.13	213.30	212.98	236.78	215.01	223.51	194.66	188.78	207.47	199.23	176.88	219.30	163.97	184.52	186.47	218.40	167.97	249.06	237.48	228.42	202.56	194.47	234.27	204.82	213.56	217.55	218.05	208.93	234.56	234.27	234.86	207.78	252.95	210.29	218.18	215.01	240.30	165.78	206.36	188.78
72.13	223.51	70.41	216.06	197.55	173.76	228.10	220.00	201.64	70.42	208.62	65.47	189.21	80.27	206.39	0.00	226.31	73.31	283.08	91.89	207.18	99.87	201.56	81.67	206.94	223.51	176.84	94.56	252.39	197.72	201.64	204.03	196.96	132.75	132.41	134.75	142.77	142.77	145.30	145.36	204.82	180.65	191.84	150.08	152.31	172.52	153.85	195.15	241.20	152.31	163.66	173.94	181.40	155.11	204.82	217.55	178.94	166.48	208.31	199.23	169.64	169.22	211.58	158.91	176.14	188.78	189.45	184.35	215.24	180.35	204.03	174.53	223.68	206.09	167.87	244.02	170.96	159.77	205.02	228.42	223.51	182.14	207.18	180.99	259.65
227.21	108.04	209.45	108.58	196.60	185.92	211.12	177.79	194.50	202.56	95.80	194.50	97.11	226.31	125.95	226.31	0.00	224.52	118.94	193.70	119.60	223.62	117.57	199.23	92.64	233.95	187.63	220.04	136.90	190.00	228.98	222.65	228.98	182.57	182.57	182.57	204.39	204.39	204.39	204.39	211.12	243.08	216.34	204.20	206.09	203.38	206.09	220.00	240.04	206.09	215.65	200.03	186.47	236.47	184.63	173.81	236.68	210.29	184.86	187.63	222.65	160.99	236.47	217.41	212.09	213.30	181.11	235.77	179.91	219.01	255.59	217.09	191.10	261.72	205.24	223.51	249.06	235.77	232.11	249.47	240.26	281.96	164.37	287.33	243.08
29.01	215.86	64.78	233.39	201.82	199.23	233.03	191.01	191.56	54.60	231.19	62.22	212.44	99.25	204.82	73.31	224.52	0.00	292.80	93.65	187.63	104.20	195.43	87.21	230.27	190.78	168.18	97.93	265.70	191.81	182.35	176.84	215.24	165.51	167.67	167.67	155.11	155.11	159.06	152.21	231.63	211.12	195.00	173.90	164.06	190.30	162.60	204.39	224.03	164.06	176.84	176.08	179.15	166.95	212.77	220.91	202.33	164.37	227.44	197.66	171.70	187.63	204.39	153.85	174.56	211.12	216.91	175.35	237.59	196.60	212.77	190.69	222.30	229.35	209.89	205.02	185.70	145.94	173.10	259.59	228.98	184.63	241.20	198.39	209.45
239.40	42.53	346.67	77.86	225.85	200.13	207.78	223.75	233.03	261.67	84.29	371.81	90.82	251.98	129.22	283.08	118.94	292.80	0.00	237.59	146.03	228.10	133.73	246.83	111.02	267.04	335.33	283.08	165.78	191.56	316.83	269.16	237.59	177.64	178.40	182.35	226.31	226.31	226.31	226.31	251.98	302.63	253.16	228.98	192.90	228.10	195.97	288.59	233.44	192.90	276.37	223.51	203.38	233.95	176.10	204.39	239.40	223.51	227.44	220.04	250.03	244.49	282.10	202.60	238.22	183.36	198.24	271.27	200.84	248.84	258.64	238.07	186.30	240.21	215.86	214.16	297.51	316.83	224.52	264.04	202.56	322.50	237.59	245.35	255.59
100.10	201.64	91.04	196.09	196.70	185.56	221.78	208.11	216.71	100.48	213.30	85.45	208.62	40.20	225.23	91.89	193.70	93.65	237.59	0.00	219.24	29.39	225.23	101.70	211.58	168.91	167.45	81.46	218.40	182.88	172.44	194.66	186.88	162.94	162.94	162.94	175.35	175.35	175.35	171.70	191.06	230.75	225.62	170.36	152.31	204.03	148.02	166.46	248.14	152.31	164.79	165.78	176.84	147.33	182.14	211.12	211.49	160.47	208.31	192.34	159.77	176.62	231.19	147.09	143.72	196.09	210.29	165.07	194.66	214.49	205.84	206.65	200.56	195.15	181.40	229.87	153.85	141.97	190.78	242.19	196.09	179.04	205.61	164.93	200.84
187.27	142.77	196.96	135.67	183.06	169.73	225.23	222.72	215.86	235.14	139.40	194.81	142.77	208.28	35.20	207.18	119.60	187.63	146.03	219.24	0.00	211.12	22.59	174.65	117.62	229.87	208.28	179.04	80.06	207.96	219.24	240.30	198.47	175.35	177.58	177.58	189.54	189.54	191.56	193.89	183.62	244.02	250.49	191.06	204.20	194.66	207.78	240.21	236.78	204.20	223.51	220.08	188.78	230.75	209.08	198.42	225.06	181.22	194.66	186.47	224.37	203.43	220.91	219.75	243.18	176.12	174.45	256.81	200.01	219.96	188.01	224.87	228.29	234.56	242.10	234.86	202.56	252.95	221.78	239.22	215.01	233.39	196.19	212.09	193.12
101.49	199.23	89.24	195.30	212.98	209.38	219.17	190.17	222.65	100.87	211.58	80.98	223.62	33.53	205.84	99.87	223.62	104.20	228.10	29.39	211.12	0.00	200.84	96.71	210.72	181.59	176.12	78.38	216.71	180.65	194.50	188.01	184.63	165.51	165.51	165.51	171.70	171.70	171.70	171.70	188.78	215.86	222.81	146.64	157.63	206.65	156.19	173.81	282.44	157.63	187.24	177.58	195.30	150.13	188.01	220.04	204.03	161.51	218.82	188.01	157.63	172.80	251.52	154.81	147.28	200.03	224.03	197.66	201.64	212.63	211.12	206.65	208.93	210.72	171.70	233.95	169.47	145.24	188.42	242.19	222.65	188.78	205.61	168.52	208.62
189.85	135.41	192.57	132.74	192.43	173.71	191.56	226.56	205.02	234.27	127.49	194.06	140.76	225.23	32.01	201.56	117.57	195.43	133.73	225.23	22.59	200.84	0.00	189.11	138.03	216.71	205.84	195.43	82.04	191.81	211.95	238.50	196.19	179.15	181.40	181.40	180.65	180.65	179.15	188.78	178.31	251.98	239.22	200.01	220.91	204.03	219.17	240.21	228.52	220.91	206.65	226.09	187.24	212.77	214.42	197.61	217.68	183.62	191.87	190.78	217.55	180.61	218.29	228.20	226.56	161.86	189.05	256.81	213.60	219.96	201.64	224.87	218.12	234.56	239.40	242.14	207.78	251.01	215.01	231.68	204.20	232.51	187.63	239.22	195.30
78.62	193.12	83.21	179.77	183.62	186.39	243.08	214.76	206.65	93.99	184.92	77.41	194.50	91.89	173.94	81.67	199.23	87.21	246.83	101.70	174.65	96.71	189.11	0.00	196.79	173.17	154.41	93.68	213.08	203.10	184.63	191.06	197.72	148.02	150.08	150.08	159.48	159.48	156.69	165.78	187.63	231.63	220.00	165.78	168.18	192.57	170.22	210.72	232.79	168.18	189.54	174.65	194.66	171.08	162.58	202.44	183.38	136.72	215.90	199.23	181.40	164.69	212.44	177.37	199.23	244.96	206.02	173.94	221.75	189.32	226.09	187.63	223.68	217.41	194.06	193.12	167.45	160.47	205.84	204.39	223.51	215.24	207.18	162.23	223.51
201.73	121.79	196.79	115.60	213.56	194.84	297.51	229.74	237.42	191.29	113.62	201.73	107.27	223.62	126.15	206.94	92.64	230.27	111.02	211.58	117.62	210.72	138.03	196.79	0.00	270.77	240.21	237.42	143.23	215.65	237.42	223.62	186.83	200.06	200.06	205.24	193.50	193.50	193.50	203.54	186.83	237.42	261.79	221.82	190.48	220.91	190.48	277.35	267.49	190.48	227.49	216.53	195.15	199.23	219.17	227.49	254.58	177.71	193.50	193.50	195.97	272.12	227.49	177.45	245.35	194.33	212.44	230.27	201.73	205.74	215.65	193.95	222.52	233.60	226.56	238.37	206.09	223.62	258.52	276.16	173.81	230.75	226.09	216.34	245.14
178.31	242.14	181.40	256.61	180.35	180.35	254.88	199.23	225.23	205.84	226.31	173.90	208.62	184.63	211.95	223.51	233.95	190.78	267.04	168.91	229.87	181.59	216.71	173.17	270.77	0.00	82.45	172.44	241.20	178.23	55.68	96.98	225.89	184.63	184.63	188.78	187.24	187.24	187.24	179.15	214.66	248.69	188.86	188.37	179.91	180.50	178.40	195.97	188.54	183.87	196.09	183.62	181.22	211.95	207.96	220.91	216.06	120.07	233.85	214.42	99.50	168.31	225.42	195.08	191.29	272.33	205.06	122.69	224.24	216.34	215.86	227.80	188.25	318.24	228.10	214.42	96.76	136.72	252.95	263.85	204.82	249.62	231.19	206.36	247.76
164.37	225.42	173.90	214.16	201.93	173.71	181.40	168.52	187.24	164.79	211.58	173.90	192.90	178.40	189.54	176.84	187.63	168.18	335.33	167.45	208.28	176.12	205.84	154.41	240.21	82.45	0.00	162.23	199.23	214.66	101.90	58.89	227.53	179.15	180.65	180.65	161.51	161.51	161.51	164.79	186.54	186.13	179.40	176.80	181.59	184.35	184.14	176.14	188.54	181.59	179.15	176.08	196.96	196.88	216.87	240.26	222.58	127.46	211.27	195.43	105.91	174.14	218.29	198.15	199.23	236.68	165.28	131.14	197.72	202.82	222.65	201.03	211.64	219.17	222.65	217.55	99.78	127.04	234.86	205.24	224.37	209.08	214.42	179.53	191.06
99.73	229.87	87.99	212.77	196.70	217.26	228.10	233.60	222.65	92.49	239.31	78.80	220.04	63.11	200.01	94.56	220.04	97.93	283.08	81.46	179.04	78.38	195.43	93.68	237.42	172.44	162.23	0.00	232.51	201.56	162.23	174.63	222.58	153.71	155.11	158.09	180.65	180.65	180.65	176.84	204.82	212.77	219.09	161.88	158.34	176.08	160.07	170.06	211.27	158.34	176.84	189.11	166.23	157.39	186.13	228.98	150.04	155.80	246.99	230.75	169.64	170.46	196.79	158.91	189.67	211.12	173.60	176.80	204.03	178.70	173.17	172.89	255.85	210.72	191.06	251.98	163.33	144.61	215.86	293.68	200.84	195.43	241.20	180.20	235.77
223.41	147.35	240.30	150.70	178.70	186.78	209.45	191.01	210.29	289.79	147.33	212.28	147.33	223.51	75.74	252.39	136.90	265.70	165.78	218.40	80.06	216.71	82.04	213.08	143.23	241.20	199.23	232.51	0.00	178.31	228.10	260.66	178.31	222.65	225.23	225.23	254.88	254.88	251.01	239.40	169.64	268.10	264.04	198.45	257.62	176.84	255.59	207.24	207.32	257.62	229.87	213.60	190.00	202.44	202.44	211.58	210.69	204.03	175.35	242.14	215.86	192.48	252.54	259.29	239.22	188.42	189.05	246.83	196.88	226.82	206.65	211.70	172.93	234.56	216.06	277.49	213.30	277.49	225.42	231.68	227.21	218.40	165.78	195.85	208.62
195.55	190.78	212.28	224.37	152.64	159.18	203.10	172.35	169.09	216.87	184.92	199.23	200.03	179.04	181.95	197.72	190.00	191.81	191.56	182.88	207.96	180.65	191.81	203.10	215.65	178.23	214.66	201.56	178.31	0.00	213.87	240.34	170.08	195.43	197.72	197.72	211.49	211.49	209.89	206.39	174.67	178.23	158.61	164.26	185.38	135.92	188.01	177.64	185.06	185.38	183.62	138.66	154.78	176.80	131.78	146.67	150.64	183.16	169.54	168.56	238.61	59.73	177.58	180.35	173.86	162.58	158.18	203.71	184.81	160.71	186.88	169.90	3.58	200.84	146.70	154.26	209.89	209.51	152.90	211.95	210.69	201.48	163.59	214.76	186.54
190.30	220.91	185.38	239.31	196.70	191.84	237.75	247.11	209.08	191.56	221.78	170.36	216.71	188.78	208.28	201.64	228.98	182.35	316.83	172.44	219.24	194.50	211.95	184.63	237.42	55.68	101.90	162.23	228.10	213.87	0.00	107.27	215.45	176.84	176.84	176.84	187.24	187.24	187.24	187.24	210.29	202.33	183.36	211.49	173.17	206.39	169.64	208.62	199.23	173.17	196.09	221.75	195.55	223.51	231.19	230.75	242.10	120.69	246.67	246.83	114.93	201.87	222.65	181.34	215.01	233.39	217.92	128.96	214.66	207.24	195.30	217.26	271.08	251.98	259.65	235.14	103.58	130.23	265.70	227.21	200.78	236.01	224.11	177.71	198.47
169.79	251.98	169.09	215.86	232.64	219.09	230.35	208.62	222.58	166.95	234.86	179.77	200.84	200.01	209.89	204.03	222.65	176.84	269.16	194.66	240.30	188.01	238.50	191.06	223.62	96.98	58.89	174.63	260.66	240.34	107.27	0.00	249.24	195.43	195.43	200.01	177.58	177.58	177.58	177.58	212.60	238.61	207.78	213.87	199.23	182.66	197.66	180.82	228.14	199.23	193.89	185.82	187.99	214.42	262.58	261.67	244.79	125.19	217.09	217.68	104.53	210.29	222.65	218.71	194.50	256.81	186.30	177.45	233.72	240.21	294.00	238.22	318.24	218.40	253.91	217.68	105.91	139.30	227.80	196.09	243.00	219.30	196.38	221.82	214.66
208.74	206.65	213.08	207.47	144.36	174.56	189.85	203.38	196.19	221.75	186.47	203.10	196.88	179.04	185.82	196.96	228.98	215.24	237.59	186.88	198.47	184.63	196.19	197.72	186.83	225.89	227.53	222.58	178.31	170.08	215.45	249.24	0.00	216.06	217.68	217.68	187.63	187.63	191.81	191.81	52.48	207.96	188.42	192.78	194.66	149.99	197.66	198.42	188.95	194.66	169.09	180.35	196.29	180.50	180.35	159.06	197.03	203.71	72.40	158.54	232.88	152.70	217.55	181.34	204.20	221.75	192.16	236.23	184.81	196.70	215.24	190.17	188.82	211.95	216.06	228.65	298.79	239.48	179.04	233.95	181.22	203.86	89.75	193.50	252.39
156.69	181.59	140.08	190.78	231.68	185.56	209.45	196.70	201.64	150.13	206.09	130.43	174.58	155.99	187.24	132.75	182.57	165.51	177.64	162.94	175.35	165.51	179.15	148.02	200.06	184.63	179.15	153.71	222.65	195.43	176.84	195.43	216.06	0.00	-0.00	2.26	65.76	65.76	65.76	64.64	200.78	192.34	173.76	136.72	66.90	178.31	68.02	200.90	199.23	66.90	111.22	137.14	162.94	119.43	182.88	196.79	188.01	175.35	224.03	181.40	173.90	206.20	201.73	82.90	182.57	229.87	169.35	183.62	189.54	190.17	241.20	184.73	231.19	234.86	210.29	200.84	168.91	169.64	188.42	205.24	186.13	245.89	185.52	175.35	200.03
158.79	181.59	138.92	188.78	231.68	185.56	209.45	196.70	201.64	152.21	206.09	132.41	174.58	155.99	189.54	132.41	182.57	167.67	178.40	162.94	177.58	165.51	181.40	150.08	200.06	184.63	180.65	155.11	225.23	197.72	176.84	195.43	217.68	-0.00	0.00	2.22	66.41	66.41	66.94	65.30	200.78	192.34	173.76	138.66	66.90	180.50	68.02	200.90	201.11	66.90	113.09	136.06	162.94	119.36	182.88	196.79	186.13	177.51	224.03	182.14	173.90	206.20	201.73	82.90	182.57	229.87	169.35	181.22	189.54	190.17	243.08	184.73	235.51	234.86	212.77	200.84	168.91	169.64	188.42	205.24	186.13	245.89	185.52	175.35	200.03
158.79	181.59	138.92	188.78	224.69	185.56	209.45	196.70	206.65	152.21	206.09	134.75	174.58	159.06	189.54	134.75	182.57	167.67	182.35	162.94	177.58	165.51	181.40	150.08	205.24	188.78	180.65	158.09	225.23	197.72	176.84	200.01	217.68	2.26	2.22	0.00	68.67	68.67	69.23	67.53	200.78	188.01	173.76	136.31	68.05	180.50	69.19	200.90	206.97	68.05	113.09	136.06	162.94	119.36	182.88	196.79	186.13	177.51	224.03	182.14	173.90	206.20	196.79	81.10	178.49	229.87	165.28	181.22	189.54	185.56	243.08	184.73	235.51	234.86	212.77	196.09	168.91	166.23	188.42	205.24	182.14	245.89	185.52	175.35	195.30
150.08	202.56	145.30	207.47	195.00	188.48	219.17	205.48	201.64	150.08	209.85	127.92	169.30	157.63	207.47	142.77	204.39	155.11	226.31	175.35	189.54	171.70	180.65	159.48	193.50	187.24	161.51	180.65	254.88	211.49	187.24	177.58	187.63	65.76	66.41	68.67	0.00	-0.00	1.12	13.48	199.23	205.02	164.62	135.02	74.05	171.80	74.09	216.53	201.11	75.30	122.69	155.80	183.11	135.67	208.28	181.78	193.12	187.63	196.38	171.08	176.10	187.63	170.06	86.59	189.67	221.78	178.05	176.08	223.51	193.29	216.71	193.29	248.76	234.86	185.38	190.00	186.47	168.18	206.09	186.03	181.40	244.02	178.15	197.55	226.31
150.08	202.56	145.30	207.47	195.00	188.48	219.17	205.48	201.64	150.08	209.85	127.92	169.30	157.63	207.47	142.77	204.39	155.11	226.31	175.35	189.54	171.70	180.65	159.48	193.50	187.24	161.51	180.65	254.88	211.49	187.24	177.58	187.63	65.76	66.41	68.67	-0.00	0.00	1.12	13.48	199.23	205.02	164.62	135.02	74.05	171.80	74.09	216.53	201.11	75.30	122.69	155.80	183.11	135.67	208.28	181.78	193.12	187.63	196.38	171.08	176.10	187.63	170.06	86.59	189.67	221.78	178.05	176.08	223.51	193.29	216.71	193.29	248.76	234.86	185.38	190.00	186.47	168.18	206.09	186.03	181.40	244.02	178.15	197.55	226.31
153.71	202.56	148.02	205.02	195.00	188.48	219.17	205.48	201.64	150.13	209.85	130.43	169.30	157.63	205.84	145.30	204.39	159.06	226.31	175.35	191.56	171.70	179.15	156.69	193.50	187.24	161.51	180.65	251.01	209.89	187.24	177.58	191.81	65.76	66.94	69.23	1.12	1.12	0.00	15.11	199.23	205.02	164.62	132.09	74.05	174.63	74.09	216.53	206.97	75.30	122.06	158.79	183.11	137.37	208.28	181.78	188.01	186.88	196.38	171.08	176.10	187.63	170.06	86.59	189.67	221.78	178.05	176.08	223.51	193.29	216.71	193.29	245.75	234.86	186.47	190.00	186.47	168.18	206.09	186.03	181.40	244.02	178.15	197.55	226.31
147.35	188.42	148.02	207.47	200.10	193.29	202.56	205.48	206.65	144.69	215.65	134.75	180.99	157.63	207.47	145.36	204.39	152.21	226.31	171.70	193.89	171.70	188.78	165.78	203.54	179.15	164.79	176.84	239.40	206.39	187.24	177.58	191.81	64.64	65.30	67.53	13.48	13.48	15.11	0.00	209.08	200.03	164.62	135.02	70.38	168.38	70.38	210.72	206.97	71.59	128.96	150.08	183.11	138.01	208.28	181.78	202.44	183.62	202.16	174.63	179.91	203.43	177.71	77.61	185.23	221.78	192.81	172.52	217.55	203.71	222.65	198.36	236.94	242.14	181.40	185.70	195.30	164.79	211.58	186.03	185.38	236.68	185.52	192.67	214.16
207.18	223.51	201.56	205.84	150.29	166.97	189.11	184.14	183.62	204.03	215.86	184.35	205.84	171.80	169.09	204.82	211.12	231.63	251.98	191.06	183.62	188.78	178.31	187.63	186.83	214.66	186.54	204.82	169.64	174.67	210.29	212.60	52.48	200.78	200.78	200.78	199.23	199.23	199.23	209.08	0.00	207.96	206.94	183.38	220.08	162.91	218.40	198.42	192.16	220.08	209.08	186.54	187.99	220.91	187.99	179.91	220.11	185.52	79.12	197.72	210.29	152.70	228.98	204.55	209.45	196.19	165.60	273.72	164.26	187.22	185.38	181.18	208.37	196.88	246.83	211.49	248.69	254.24	195.43	227.21	197.72	252.39	84.37	234.56	259.70
194.66	278.60	214.42	276.37	212.98	191.01	154.55	150.64	146.86	196.88	205.02	209.08	233.95	231.63	217.55	180.65	243.08	211.12	302.63	230.75	244.02	215.86	251.98	231.63	237.42	248.69	186.13	212.77	268.10	178.23	202.33	238.61	207.96	192.34	192.34	188.01	205.02	205.02	205.02	200.03	207.96	0.00	57.39	187.63	188.01	173.23	191.56	190.00	218.92	188.01	190.78	200.78	181.95	183.11	184.81	193.12	197.72	212.28	243.40	200.78	190.59	172.93	215.86	190.20	212.44	253.31	184.52	199.23	227.53	206.36	249.62	210.29	205.79	280.84	190.78	122.97	187.63	194.06	200.78	135.67	240.30	234.02	266.40	211.95	149.16
176.93	229.74	193.50	208.48	197.55	170.69	154.22	133.05	132.73	207.24	221.86	198.39	201.82	220.00	208.99	191.84	216.34	195.00	253.16	225.62	250.49	222.81	239.22	220.00	261.79	188.86	179.40	219.09	264.04	158.61	183.36	207.78	188.42	173.76	173.76	173.76	164.62	164.62	164.62	164.62	206.94	57.39	0.00	179.40	177.79	176.14	181.99	207.24	232.98	177.79	184.73	192.67	183.36	181.18	165.97	176.12	191.29	186.83	223.88	170.69	187.63	162.82	238.37	177.54	215.65	246.13	169.64	182.57	205.02	178.59	203.54	185.56	182.66	289.86	206.36	124.25	189.67	202.56	193.50	141.84	291.14	220.91	213.36	225.42	154.22
163.27	182.35	153.58	211.95	196.70	186.39	185.38	198.39	181.40	171.08	176.88	160.17	180.05	145.99	200.01	150.08	204.20	173.90	228.98	170.36	191.06	146.64	200.01	165.78	221.82	188.37	176.80	161.88	198.45	164.26	211.49	213.87	192.78	136.72	138.66	136.31	135.02	135.02	132.09	135.02	183.38	187.63	179.40	0.00	135.41	184.81	136.47	188.42	291.95	137.80	135.02	172.59	166.48	140.42	176.06	193.70	178.94	161.23	212.25	183.62	163.97	146.88	198.42	133.74	176.12	189.54	163.08	181.06	189.11	169.90	219.24	164.62	194.42	225.23	171.08	171.08	181.40	184.35	206.65	154.73	227.80	189.85	232.88	191.84	246.83
149.43	180.82	152.31	189.21	224.69	176.98	181.59	212.98	192.34	148.73	182.57	155.28	182.57	143.92	215.01	152.31	206.09	164.06	192.90	152.31	204.20	157.63	220.91	168.18	190.48	179.91	181.59	158.34	257.62	185.38	173.17	199.23	194.66	66.90	66.90	68.05	74.05	74.05	74.05	70.38	220.08	188.01	177.79	135.41	0.00	169.64	2.90	223.62	239.00	0.57	137.14	154.41	173.17	133.07	186.88	187.63	200.03	177.58	231.73	192.34	185.38	190.26	196.79	3.87	182.57	179.91	148.87	174.63	170.36	185.56	202.56	184.73	192.86	278.60	208.62	179.15	179.91	153.71	207.78	170.06	204.03	219.24	193.50	171.48	186.47
185.09	204.20	201.56	191.56	140.05	145.03	178.31	189.67	199.23	175.35	202.56	177.51	201.73	186.13	186.13	172.52	203.38	190.30	228.10	204.03	194.66	206.65	204.03	192.57	220.91	180.50	184.35	176.08	176.84	135.92	206.39	182.66	149.99	178.31	180.50	180.50	171.80	171.80	174.63	168.38	162.91	173.23	176.14	184.81	169.64	0.00	171.70	150.18	179.67	169.64	179.04	145.42	146.70	176.08	161.55	181.59	146.08	220.91	141.65	173.23	197.72	116.03	141.83	174.38	154.73	167.67	143.26	192.78	164.66	164.62	155.11	156.07	138.85	157.63	161.18	191.06	193.89	235.14	184.63	188.42	209.89	188.37	150.70	201.82	233.39
148.02	183.36	153.85	187.63	218.18	181.18	185.70	219.09	195.30	147.32	182.57	153.85	186.83	142.53	213.30	153.85	206.09	162.60	195.97	148.02	207.78	156.19	219.17	170.22	190.48	178.40	184.14	160.07	255.59	188.01	169.64	197.66	197.66	68.02	68.02	69.19	74.09	74.09	74.09	70.38	218.40	191.56	181.99	136.47	2.90	171.70	0.00	230.27	236.78	3.49	133.42	155.99	172.44	131.76	193.89	183.36	203.38	172.44	240.10	195.30	183.87	190.26	192.10	0.76	182.57	183.11	154.20	180.65	168.91	181.18	200.90	180.35	197.89	278.60	206.94	183.11	179.91	159.77	206.94	173.81	197.66	211.95	202.23	175.35	186.47
195.15	231.68	190.48	239.22	154.15	156.85	205.02	187.22	209.45	204.39	249.47	200.06	205.48	190.48	212.98	195.15	220.00	204.39	288.59	166.46	240.21	173.81	240.21	210.72	277.35	195.97	176.14	170.06	207.24	177.64	208.62	180.82	198.42	200.90	200.90	200.90	216.53	216.53	216.53	210.72	198.42	190.00	207.24	188.42	223.62	150.18	230.27	0.00	161.79	223.62	222.72	154.73	162.60	206.09	178.40	220.04	131.04	171.59	190.00	184.92	184.92	180.61	200.90	218.58	164.93	182.35	160.02	181.59	170.96	180.35	207.78	176.17	195.20	247.11	207.24	188.01	181.59	163.33	173.04	188.42	195.30	198.42	162.23	194.33	220.91
217.92	241.20	250.43	227.44	169.64	181.59	239.00	242.44	264.25	187.63	223.10	225.06	236.52	257.05	236.78	241.20	240.04	224.03	233.44	248.14	236.78	282.44	228.52	232.79	267.49	188.54	188.54	211.27	207.32	185.06	199.23	228.14	188.95	199.23	201.11	206.97	201.11	201.11	206.97	206.97	192.16	218.92	232.98	291.95	239.00	179.67	236.78	161.79	0.00	239.00	213.22	208.87	226.09	234.91	191.26	224.19	173.66	237.02	219.61	171.22	185.41	186.71	207.70	236.23	182.32	226.09	162.23	224.87	228.14	211.99	202.04	211.99	201.73	257.05	245.84	188.54	188.54	233.85	190.00	255.85	234.91	253.86	226.09	298.79	270.85
149.43	180.82	152.31	189.21	224.69	176.98	181.59	212.98	192.34	148.73	182.57	155.28	182.57	143.92	215.01	152.31	206.09	164.06	192.90	152.31	204.20	157.63	220.91	168.18	190.48	183.87	181.59	158.34	257.62	185.38	173.17	199.23	194.66	66.90	66.90	68.05	75.30	75.30	75.30	71.59	220.08	188.01	177.79	137.80	0.57	169.64	3.49	223.62	239.00	0.00	137.14	154.41	173.17	133.07	186.88	187.63	200.03	177.58	231.73	196.88	189.54	197.89	196.79	4.66	182.57	179.91	152.33	178.31	170.36	185.56	202.56	184.73	192.86	278.60	208.62	179.15	183.87	153.71	207.78	170.06	204.03	219.24	193.50	171.48	186.47
189.54	232.11	162.94	243.08	190.17	188.48	207.78	211.19	183.87	173.17	243.18	170.36	215.65	174.61	223.51	163.66	215.65	176.84	276.37	164.79	223.51	187.24	206.65	189.54	227.49	196.09	179.15	176.84	229.87	183.62	196.09	193.89	169.09	111.22	113.09	113.09	122.69	122.69	122.06	128.96	209.08	190.78	184.73	135.02	137.14	179.04	133.42	222.72	213.22	137.14	0.00	147.35	187.24	64.20	213.60	177.71	180.65	176.08	208.31	194.66	165.51	180.61	190.48	148.02	176.93	200.03	165.28	191.81	201.64	171.35	228.98	171.35	185.23	234.86	243.08	204.20	186.47	216.71	186.83	222.72	231.63	211.95	193.50	220.00	208.62
164.66	200.84	194.06	196.88	174.56	170.69	185.38	188.86	209.08	166.48	194.50	171.20	202.56	168.38	194.66	173.94	200.03	176.08	223.51	165.78	220.08	177.58	226.09	174.65	216.53	183.62	176.08	189.11	213.60	138.66	221.75	185.82	180.35	137.14	136.06	136.06	155.80	155.80	158.79	150.08	186.54	200.78	192.67	172.59	154.41	145.42	155.99	154.73	208.87	154.41	147.35	0.00	154.26	179.77	207.18	171.70	175.35	176.76	199.23	188.37	206.39	134.11	202.56	156.69	95.52	174.63	151.29	205.39	157.86	176.17	231.63	187.63	153.63	242.14	188.78	200.01	208.28	176.08	179.91	197.61	226.95	249.62	184.10	208.11	220.08
186.88	185.70	174.63	184.14	177.79	177.79	212.28	207.78	195.43	176.10	177.64	174.63	178.40	185.38	188.78	181.40	186.47	179.15	203.38	176.84	188.78	195.30	187.24	194.66	195.15	181.22	196.96	166.23	190.00	154.78	195.55	187.99	196.29	162.94	162.94	162.94	183.11	183.11	183.11	183.11	187.99	181.95	183.36	166.48	173.17	146.70	172.44	162.60	226.09	173.17	187.24	154.26	0.00	165.51	126.22	195.55	185.09	187.99	161.82	212.28	203.86	140.42	183.87	170.60	153.85	164.93	182.46	195.55	149.91	161.47	169.64	163.39	196.70	206.65	188.01	211.49	209.89	211.06	179.04	250.03	200.78	230.35	171.31	234.56	243.89
164.37	198.42	140.76	217.55	200.96	199.23	203.38	247.41	192.34	160.47	229.35	155.11	205.24	136.22	207.47	155.11	236.47	166.95	233.95	147.33	230.75	150.13	212.77	171.08	199.23	211.95	196.88	157.39	202.44	176.80	223.51	214.42	180.50	119.43	119.36	119.36	135.67	135.67	137.37	138.01	220.91	183.11	181.18	140.42	133.07	176.08	131.76	206.09	234.91	133.07	64.20	179.77	165.51	0.00	171.08	160.38	181.40	184.35	215.90	182.14	159.77	204.82	230.27	137.80	170.06	196.09	182.72	188.37	197.66	157.63	222.65	151.12	178.94	234.86	196.88	195.30	175.35	192.34	175.35	244.16	214.42	197.66	202.23	197.55	209.45
196.19	156.69	205.61	187.24	175.35	192.90	171.90	213.30	175.35	198.45	162.23	200.78	187.24	168.38	199.23	204.82	184.63	212.77	176.10	182.14	209.08	188.01	214.42	162.58	219.17	207.96	216.87	186.13	202.44	131.78	231.19	262.58	180.35	182.88	182.88	182.88	208.28	208.28	208.28	208.28	187.99	184.81	165.97	176.06	186.88	161.55	193.89	178.40	191.26	186.88	213.60	207.18	126.22	171.08	0.00	189.72	182.66	195.55	177.09	174.65	215.45	157.63	228.98	187.63	188.42	154.63	175.35	188.71	151.15	162.98	163.27	168.52	143.72	220.91	192.34	159.89	235.14	221.72	200.01	200.84	223.41	226.49	172.67	195.15	220.11
208.28	190.48	218.40	214.76	184.92	169.30	214.42	172.35	173.10	228.98	209.85	193.12	195.97	223.51	176.88	217.55	173.81	220.91	204.39	211.12	198.42	220.04	197.61	202.44	227.49	220.91	240.26	228.98	211.58	146.67	230.75	261.67	159.06	196.79	196.79	196.79	181.78	181.78	181.78	181.78	179.91	193.12	176.12	193.70	187.63	181.59	183.36	220.04	224.19	187.63	177.71	171.70	195.55	160.38	189.72	0.00	200.84	211.95	168.70	168.18	251.98	170.69	205.84	174.34	214.16	185.09	180.90	237.59	196.29	184.14	225.42	182.57	135.43	203.38	206.09	181.40	277.49	254.88	177.64	243.08	227.21	218.58	148.02	237.42	219.24
192.78	212.77	191.32	220.08	200.96	190.17	236.01	254.58	275.50	178.23	228.98	187.99	201.64	188.37	219.30	178.94	236.68	202.33	239.40	211.49	225.06	204.03	217.68	183.38	254.58	216.06	222.58	150.04	210.69	150.64	242.10	244.79	197.03	188.01	186.13	186.13	193.12	193.12	188.01	202.44	220.11	197.72	191.29	178.94	200.03	146.08	203.38	131.04	173.66	200.03	180.65	175.35	185.09	181.40	182.66	200.84	0.00	205.39	205.06	172.52	332.62	159.24	186.47	192.98	178.49	232.51	150.48	246.57	200.73	192.43	203.10	201.03	200.48	189.21	157.17	200.78	261.67	229.50	161.88	231.19	219.24	220.11	187.63	199.23	229.50
164.66	187.24	138.46	218.40	181.18	195.00	201.56	238.37	191.06	171.80	194.50	154.94	215.86	166.95	163.97	166.48	210.29	164.37	223.51	160.47	181.22	161.51	183.62	136.72	177.71	120.07	127.46	155.80	204.03	183.16	120.69	125.19	203.71	175.35	177.51	177.51	187.63	187.63	186.88	183.62	185.52	212.28	186.83	161.23	177.58	220.91	172.44	171.59	237.02	177.58	176.08	176.76	187.99	184.35	195.55	211.95	205.39	0.00	209.82	181.95	106.66	203.19	216.71	185.63	190.00	255.85	202.04	148.67	210.29	212.98	232.51	211.19	181.29	200.84	216.06	234.27	106.39	138.66	214.42	215.01	216.06	203.10	203.71	164.16	229.50
217.92	236.78	231.73	173.54	168.47	159.32	188.95	184.20	222.99	229.59	183.93	231.73	178.05	222.99	184.52	208.31	184.86	227.44	227.44	208.31	194.66	218.82	191.87	215.90	193.50	233.85	211.27	246.99	175.35	169.54	246.67	217.09	72.40	224.03	224.03	224.03	196.38	196.38	196.38	202.16	79.12	243.40	223.88	212.25	231.73	141.65	240.10	190.00	219.61	231.73	208.31	199.23	161.82	215.90	177.09	168.70	205.06	209.82	0.00	214.89	229.16	152.70	181.59	216.71	201.11	186.71	160.59	220.91	165.60	217.92	241.20	203.13	178.94	208.31	214.89	252.72	233.85	230.18	215.90	214.89	216.91	242.30	10.09	227.44	291.95
181.40	172.35	198.45	194.50	166.19	184.73	188.78	225.62	217.68	184.63	183.36	208.28	189.67	187.24	186.47	199.23	187.63	197.66	220.04	192.34	186.47	188.01	190.78	199.23	193.50	214.42	195.43	230.75	242.14	168.56	246.83	217.68	158.54	181.40	182.14	182.14	171.08	171.08	171.08	174.63	197.72	200.78	170.69	183.62	192.34	173.23	195.30	184.92	171.22	196.88	194.66	188.37	212.28	182.14	174.65	168.18	172.52	181.95	214.89	0.00	196.19	169.22	195.97	197.16	188.86	196.96	157.09	238.61	194.06	206.36	207.18	200.96	188.82	193.12	204.20	171.08	226.09	257.77	146.64	218.40	298.79	240.30	202.23	209.85	190.30
175.35	205.84	178.31	204.20	182.81	207.24	258.74	212.44	228.65	168.91	205.02	171.08	190.78	157.39	218.40	169.64	222.65	171.70	250.03	159.77	224.37	157.63	217.55	181.40	195.97	99.50	105.91	169.64	215.86	238.61	114.93	104.53	232.88	173.90	173.90	173.90	176.10	176.10	176.10	179.91	210.29	190.59	187.63	163.97	185.38	197.72	183.87	184.92	185.41	189.54	165.51	206.39	203.86	159.77	215.45	251.98	332.62	106.66	229.16	196.19	0.00	219.52	241.20	197.16	207.78	241.20	171.95	146.73	226.71	212.09	201.64	189.32	274.54	279.72	305.21	212.28	54.09	156.96	265.70	234.86	201.56	231.19	224.11	173.04	289.79
184.47	179.31	177.87	199.23	156.81	165.90	162.82	174.14	174.08	196.55	184.96	165.90	233.52	171.70	167.97	169.22	160.99	187.63	244.49	176.62	203.43	172.80	180.61	164.69	272.12	168.31	174.14	170.46	192.48	59.73	201.87	210.29	152.70	206.20	206.20	206.20	187.63	187.63	187.63	203.43	152.70	172.93	162.82	146.88	190.26	116.03	190.26	180.61	186.71	197.89	180.61	134.11	140.42	204.82	157.63	170.69	159.24	203.19	152.70	169.22	219.52	0.00	195.43	175.35	174.14	170.46	157.04	220.91	180.35	146.88	197.81	154.09	55.33	195.20	142.21	179.12	206.20	210.29	180.61	188.95	262.40	180.35	152.90	219.42	208.93
220.04	236.47	202.56	242.19	153.54	221.86	212.77	189.21	207.78	186.03	235.51	184.14	247.11	239.31	249.06	211.58	236.47	204.39	282.10	231.19	220.91	251.52	218.29	212.44	227.49	225.42	218.29	196.79	252.54	177.58	222.65	222.65	217.55	201.73	201.73	196.79	170.06	170.06	170.06	177.71	228.98	215.86	238.37	198.42	196.79	141.83	192.10	200.90	207.70	196.79	190.48	202.56	183.87	230.27	228.98	205.84	186.47	216.71	181.59	195.97	241.20	195.43	0.00	186.07	180.82	223.62	145.38	200.03	252.95	195.00	194.33	193.29	143.20	195.15	218.29	242.14	231.19	216.71	205.24	253.56	206.09	254.88	184.10	212.98	218.40
147.09	190.85	150.87	190.85	203.94	194.66	182.60	203.94	180.35	139.04	189.78	154.81	189.78	136.59	237.48	158.91	217.41	153.85	202.60	147.09	219.75	154.81	228.20	177.37	177.45	195.08	198.15	158.91	259.29	180.35	181.34	218.71	181.34	82.90	82.90	81.10	86.59	86.59	86.59	77.61	204.55	190.20	177.54	133.74	3.87	174.38	0.76	218.58	236.23	4.66	148.02	156.69	170.60	137.80	187.63	174.34	192.98	185.63	216.71	197.16	197.16	175.35	186.07	0.00	188.71	179.36	148.02	176.33	157.63	182.14	191.92	182.14	197.89	251.65	210.86	196.12	191.22	158.56	210.86	180.56	186.63	212.44	202.23	180.78	183.62
